1 1
3.5 1
6 1
8.5 1
11 1
13.5 1
16 1
18.5 1
1 3.5
3.5 3.5
6 3.5
8.5 3.5
11 3.5
13.5 3.5
16 3.5 5.24562e-310 0


1 1
3.5 1
6 1
8.5 1
11 1
13.5 1
16 1
18.5 1
1 3.5
3.5 3.5
6 3.5
8.5 3.5
11 3.5
13.5 3.5
16 3.5 9.93193e-10 0.01


1 0.999997
3.5 0.999997
6 0.999997
8.5 0.999997
11 0.999997
13.5 0.999997
16 0.999997
18.5 1
0.999997 3.5
3.5 3.5
6 3.5
8.5 3.5
11 3.5
13.5 3.5
16 3.5 1.3288e-07 0.11


0.999999 0.99999
3.5 0.999989
6 0.999989
8.5 0.999989
11 0.999989
13.5 0.999989
16 0.99999
18.5 0.999999
0.99999 3.50001
3.5 3.50001
6 3.50001
8.5 3.50001
11 3.50001
13.5 3.50001
16 3.50001 5.36367e-07 0.21


0.999999 0.999977
3.5 0.999976
6 0.999976
8.5 0.999976
11 0.999976
13.5 0.999976
16 0.999977
18.5 0.999997
0.999979 3.50002
3.5 3.50002
6 3.50002
8.5 3.50002
11 3.50002
13.5 3.50002
16 3.50002 1.2966e-06 0.31


0.999998 0.999959
3.5 0.999957
6 0.999956
8.5 0.999956
11 0.999956
13.5 0.999957
16 0.999959
18.5 0.999995
0.999961 3.50004
3.5 3.50004
6 3.50004
8.5 3.50004
11 3.50004
13.5 3.50004
16 3.50004 2.52009e-06 0.41


0.999996 0.999934
3.5 0.999931
6 0.999931
8.5 0.999931
11 0.999931
13.5 0.999931
16 0.999934
18.5 0.999992
0.999939 3.50007
3.5 3.50007
6 3.50007
8.5 3.50007
11 3.50007
13.5 3.50007
16.0001 3.50007 4.33968e-06 0.51


0.999994 0.999903
3.5 0.999897
6 0.999897
8.5 0.999897
11 0.999897
13.5 0.999897
16 0.999903
18.5 0.999988
0.999909 3.5001
3.5 3.5001
6 3.5001
8.5 3.5001
11 3.5001
13.5 3.5001
16.0001 3.5001 6.92069e-06 0.61


0.999992 0.999864
3.5 0.999856
6 0.999856
8.5 0.999856
11 0.999856
13.5 0.999856
16 0.999864
18.5 0.999984
0.999872 3.50014
3.5 3.50014
6 3.50014
8.5 3.50014
11 3.50014
13.5 3.50014
16.0001 3.50014 1.04683e-05 0.71


0.999989 0.999817
3.5 0.999806
6 0.999806
8.5 0.999806
11 0.999806
13.5 0.999806
16 0.999817
18.5 0.999978
0.999828 3.50019
3.5 3.50019
6 3.50019
8.5 3.50019
11 3.50019
13.5 3.50019
16.0002 3.50019 1.52367e-05 0.81


0.999986 0.99976
3.5 0.999746
6 0.999746
8.5 0.999746
11 0.999746
13.5 0.999746
16 0.99976
18.5 0.999971
0.999775 3.50025
3.5 3.50025
6 3.50025
8.5 3.50025
11 3.50025
13.5 3.50025
16.0002 3.50025 2.15405e-05 0.91


0.999982 0.999693
3.5 0.999675
6 0.999675
8.5 0.999675
11 0.999675
13.5 0.999675
16 0.999693
18.5 0.999963
0.999712 3.50033
3.5 3.50033
6 3.50033
8.5 3.50033
11 3.50033
13.5 3.50033
16.0003 3.50033 2.97679e-05 1.01


0.999977 0.999614
3.5 0.999592
6 0.999592
8.5 0.999592
11 0.999592
13.5 0.999592
16 0.999614
18.5 0.999953
0.999638 3.50041
3.5 3.50041
6 3.50041
8.5 3.50041
11 3.50041
13.5 3.50041
16.0004 3.50041 4.03981e-05 1.11


0.999972 0.999523
3.5 0.999496
6 0.999495
8.5 0.999495
11 0.999495
13.5 0.999496
16 0.999523
18.5 0.999942
0.999553 3.5005
3.5 3.5005
6 3.5005
8.5 3.5005
11 3.5005
13.5 3.5005
16.0004 3.5005 5.40212e-05 1.21


0.999966 0.999419
3.5 0.999385
6 0.999384
8.5 0.999384
11 0.999384
13.5 0.999385
16 0.999419
18.5 0.99993
0.999455 3.50062
3.5 3.50062
6 3.50062
8.5 3.50062
11 3.50062
13.5 3.50062
16.0005 3.50062 7.13637e-05 1.31


0.999959 0.999298
3.5 0.999258
6 0.999257
8.5 0.999257
11 0.999257
13.5 0.999258
16 0.999298
18.5 0.999915
0.999342 3.50074
3.49999 3.50074
6 3.50074
8.5 3.50074
11 3.50074
13.5 3.50074
16.0007 3.50074 9.33187e-05 1.41


0.999951 0.999161
3.5 0.999113
6 0.999112
8.5 0.999112
11 0.999112
13.5 0.999113
16 0.999161
18.5 0.999898
0.999213 3.50089
3.49999 3.50089
6 3.50089
8.5 3.50089
11 3.50089
13.5 3.50089
16.0008 3.50089 0.000120984 1.51


0.999941 0.999006
3.5 0.998948
6 0.998947
8.5 0.998947
11 0.998947
13.5 0.998948
16.0001 0.999006
18.5 0.99988
0.999067 3.50105
3.49999 3.50105
6 3.50105
8.5 3.50105
11 3.50105
13.5 3.50105
16.0009 3.50105 0.000155705 1.61


0.999931 0.998829
3.5 0.998762
6 0.99876
8.5 0.99876
11 0.99876
13.5 0.998762
16.0001 0.998829
18.5 0.999858
0.998902 3.50124
3.49999 3.50124
6 3.50124
8.5 3.50124
11 3.50124
13.5 3.50124
16.0011 3.50124 0.000199137 1.71


0.999919 0.99863
3.5 0.998552
6 0.998549
8.5 0.998549
11 0.998549
13.5 0.998552
16.0001 0.99863
18.5 0.999834
0.998715 3.50145
3.49999 3.50145
6 3.50145
8.5 3.50145
11 3.50145
13.5 3.50145
16.0013 3.50145 0.000253305 1.81


0.999906 0.998406
3.5 0.998314
6 0.998312
8.5 0.998312
11 0.998312
13.5 0.998314
16.0001 0.998406
18.5 0.999807
0.998504 3.50169
3.49999 3.50169
6 3.50169
8.5 3.50169
11 3.50169
13.5 3.50169
16.0015 3.50169 0.000320693 1.91


0.999891 0.998155
3.49999 0.998048
6 0.998046
8.5 0.998046
11 0.998046
13.5 0.998048
16.0001 0.998155
18.5 0.999777
0.998268 3.50195
3.49999 3.50195
6 3.50195
8.5 3.50195
11 3.50195
13.5 3.50195
16.0017 3.50195 0.000388513 1.99


0.999877 0.997906
3.49999 0.997786
6 0.997783
8.5 0.997783
11 0.997783
13.5 0.997786
16.0001 0.997906
18.5 0.999746
0.998035 3.50222
3.49998 3.50222
6 3.50222
8.5 3.50222
11 3.50222
13.5 3.50222
16.002 3.50222 0.000328492 1.89


0.999863 0.997678
3.49999 0.997544
6 0.997541
8.5 0.997541
11 0.997541
13.5 0.997544
16.0001 0.997678
18.5 0.999719
0.997821 3.50246
3.49998 3.50246
6 3.50246
8.5 3.50246
11 3.50246
13.5 3.50246
16.0022 3.50246 0.000278532 1.79


0.999851 0.997467
3.49999 0.997321
6 0.997318
8.5 0.997318
11 0.997318
13.5 0.997321
16.0001 0.997467
18.5 0.999693
0.997623 3.50268
3.49998 3.50268
6 3.50268
8.5 3.50268
11 3.50268
13.5 3.50268
16.0024 3.50268 0.000236885 1.69


0.999839 0.997273
3.49999 0.997116
6 0.997112
8.5 0.997112
11 0.997112
13.5 0.997116
16.0002 0.997273
18.5 0.99967
0.99744 3.50289
3.49998 3.50289
6 3.50289
8.5 3.50289
11 3.50289
13.5 3.50289
16.0026 3.50289 0.000202115 1.59


0.999829 0.997093
3.49999 0.996926
6 0.996921
8.5 0.996921
11 0.996921
13.5 0.996926
16.0002 0.997093
18.5 0.999648
0.997272 3.50308
3.49998 3.50308
6 3.50308
8.5 3.50308
11 3.50308
13.5 3.50308
16.0027 3.50308 0.000173037 1.49


0.999819 0.996926
3.49999 0.99675
6 0.996745
8.5 0.996745
11 0.996745
13.5 0.99675
16.0002 0.996926
18.5 0.999628
0.997115 3.50326
3.49998 3.50325
6 3.50325
8.5 3.50325
11 3.50325
13.5 3.50325
16.0029 3.50326 0.000148677 1.39


0.99981 0.996772
3.49999 0.996586
6 0.996582
8.5 0.996582
11 0.996582
13.5 0.996586
16.0002 0.996772
18.5 0.999609
0.99697 3.50342
3.49997 3.50342
6 3.50342
8.5 3.50342
11 3.50342
13.5 3.50342
16.003 3.50342 0.000128231 1.29


0.999801 0.996628
3.49999 0.996435
6 0.996429
8.5 0.996429
11 0.996429
13.5 0.996435
16.0002 0.996628
18.5 0.999592
0.996835 3.50357
3.49997 3.50357
6 3.50357
8.5 3.50357
11 3.50357
13.5 3.50357
16.0032 3.50357 0.000111037 1.19


0.999794 0.996495
3.49999 0.996293
6 0.996288
8.5 0.996288
11 0.996288
13.5 0.996293
16.0002 0.996495
18.5 0.999575
0.99671 3.50371
3.49997 3.50371
6 3.50371
8.5 3.50371
11 3.50371
13.5 3.50371
16.0033 3.50371 9.6549e-05 1.09


0.999786 0.99637
3.49999 0.996161
6 0.996156
8.5 0.996156
11 0.996156
13.5 0.996161
16.0002 0.99637
18.5 0.99956
0.996592 3.50384
3.49997 3.50384
6 3.50384
8.5 3.50384
11 3.50384
13.5 3.50384
16.0034 3.50384 8.43141e-05 0.99


0.999779 0.996253
3.49999 0.996038
6 0.996032
8.5 0.996032
11 0.996032
13.5 0.996038
16.0002 0.996253
18.5 0.999546
0.996482 3.50397
3.49997 3.50397
6 3.50397
8.5 3.50397
11 3.50397
13.5 3.50397
16.0035 3.50397 7.39595e-05 0.89


0.999773 0.996143
3.49999 0.995922
6 0.995916
8.5 0.995916
11 0.995916
13.5 0.995922
16.0002 0.996143
18.5 0.999533
0.996379 3.50408
3.49997 3.50408
6 3.50408
8.5 3.50408
11 3.50408
13.5 3.50408
16.0036 3.50408 6.51762e-05 0.79


0.999767 0.99604
3.49999 0.995813
6 0.995807
8.5 0.995807
11 0.995807
13.5 0.995813
16.0002 0.99604
18.5 0.99952
0.996282 3.50419
3.49997 3.50419
6 3.50419
8.5 3.50419
11 3.50419
13.5 3.50419
16.0037 3.50419 5.77083e-05 0.69


0.999761 0.995943
3.49999 0.99571
6 0.995704
8.5 0.995704
11 0.995704
13.5 0.99571
16.0002 0.995943
18.5 0.999509
0.996191 3.5043
3.49997 3.5043
6 3.5043
8.5 3.5043
11 3.5043
13.5 3.5043
16.0038 3.5043 5.13434e-05 0.59


0.999756 0.995851
3.49999 0.995613
6 0.995607
8.5 0.995607
11 0.995607
13.5 0.995613
16.0002 0.995851
18.5 0.999498
0.996105 3.50439
3.49997 3.50439
6 3.50439
8.5 3.50439
11 3.50439
13.5 3.50439
16.0039 3.50439 4.59054e-05 0.49


0.999751 0.995765
3.49999 0.995522
6 0.995515
8.5 0.995515
11 0.995515
13.5 0.995522
16.0002 0.995765
18.5 0.999487
0.996023 3.50449
3.49996 3.50448
6 3.50448
8.5 3.50448
11 3.50448
13.5 3.50448
16.004 3.50449 4.12477e-05 0.39


0.999746 0.995682
3.49999 0.995435
6 0.995428
8.5 0.995428
11 0.995428
13.5 0.995435
16.0003 0.995682
18.5 0.999477
0.995945 3.50457
3.49996 3.50457
6 3.50457
8.5 3.50457
11 3.50457
13.5 3.50457
16.0041 3.50457 3.72483e-05 0.29


0.999742 0.995604
3.49999 0.995352
6 0.995345
8.5 0.995345
11 0.995345
13.5 0.995352
16.0003 0.995604
18.5 0.999468
0.995872 3.50466
3.49996 3.50465
6 3.50465
8.5 3.50465
11 3.50465
13.5 3.50465
16.0041 3.50466 3.38056e-05 0.19


0.999737 0.995529
3.49999 0.995273
6 0.995266
8.5 0.995266
11 0.995266
13.5 0.995273
16.0003 0.995529
18.5 0.999459
0.995801 3.50473
3.49996 3.50473
6 3.50473
8.5 3.50473
11 3.50473
13.5 3.50473
16.0042 3.50473 3.08344e-05 0.09


