1 0.01
1 0.02
1 0.03
1 0.04
1 0.05
1 0.06
1 0.07
1 0.08
1 0.09
1 0.1
1 0.11
1 0.12
1 0.13
1 0.14
1 0.15
1 0.16
1 0.17
1 0.18
1 0.19
1 0.2
1 0.21
1 0.22
1 0.23
1 0.24
1 0.25
1 0.26
1 0.27
1 0.28
1 0.29
1 0.3
1 0.31
1 0.32
1 0.33
1 0.34
1 0.35
1 0.36
1 0.37
1 0.38
1 0.39
1 0.4
1 0.41
1 0.42
1 0.43
1 0.44
1 0.45
0.99975 0.46
1 0.47
1 0.48
0.99975 0.49
1 0.5
1 0.51
1 0.52
1 0.53
1 0.54
1 0.55
0.9995 0.56
1 0.57
1 0.58
1 0.59
1 0.6
1 0.61
1 0.62
1 0.63
0.99975 0.64
1 0.65
0.9995 0.66
0.9995 0.67
0.99975 0.68
0.99975 0.69
0.99975 0.7
0.9995 0.71
0.99875 0.72
0.999 0.73
0.9995 0.74
0.99975 0.75
0.99975 0.76
0.9995 0.77
0.9995 0.78
0.9995 0.79
0.999 0.8
0.9985 0.81
0.997 0.82
0.998 0.83
0.99675 0.84
0.998 0.85
0.99775 0.86
0.99675 0.87
0.99675 0.88
0.9975 0.89
0.99675 0.9
0.99825 0.91
0.99525 0.92
0.9955 0.93
0.9955 0.94
0.99775 0.95
0.99525 0.96
0.99425 0.97
0.995 0.98
0.99475 0.99
0.99375 1
0.9945 1.01
0.995 1.02
0.994 1.03
0.9935 1.04
0.98975 1.05
0.99475 1.06
0.99325 1.07
0.98975 1.08
0.98925 1.09
0.99075 1.1
0.98675 1.11
0.98975 1.12
0.98675 1.13
0.991 1.14
0.98625 1.15
0.987 1.16
0.9875 1.17
0.985 1.18
0.986 1.19
0.98275 1.2
0.979 1.21
0.98425 1.22
0.9835 1.23
0.982 1.24
0.981 1.25
0.9795 1.26
0.97675 1.27
0.9725 1.28
0.97 1.29
0.9735 1.3
0.9675 1.31
0.97025 1.32
0.97275 1.33
0.974 1.34
0.96775 1.35
0.9625 1.36
0.9725 1.37
0.9585 1.38
0.95925 1.39
0.96275 1.4
0.965 1.41
0.9615 1.42
0.9555 1.43
0.95325 1.44
0.9545 1.45
0.95175 1.46
0.955 1.47
0.947 1.48
0.9485 1.49
0.93725 1.5
0.94 1.51
0.943 1.52
0.928 1.53
0.93325 1.54
0.936 1.55
0.938 1.56
0.924 1.57
0.93475 1.58
0.92375 1.59
0.917 1.6
0.928 1.61
0.91925 1.62
0.90775 1.63
0.91125 1.64
0.90375 1.65
0.91175 1.66
0.911 1.67
0.899 1.68
0.9 1.69
0.89225 1.7
0.8975 1.71
0.88075 1.72
0.89425 1.73
0.8765 1.74
0.87325 1.75
0.88825 1.76
0.88675 1.77
0.87325 1.78
0.85075 1.79
0.856 1.8
0.8425 1.81
0.86375 1.82
0.835 1.83
0.85375 1.84
0.84175 1.85
0.78775 1.86
0.836 1.87
0.81375 1.88
0.80675 1.89
0.2765 1.9
0.242 1.91
0.787 1.92
0.71375 1.93
0.79425 1.94
0.21875 1.95
0.25725 1.96
0.31425 1.97
0.2595 1.98
0.3285 1.99
0.7365 2
0.34 2.01
0.60975 2.02
0.11125 2.03
-0.6105 2.04
-0.34725 2.05
-0.52775 2.06
-0.682 2.07
-0.53975 2.08
-0.393 2.09
-0.3545 2.1
-0.14425 2.11
-0.306 2.12
-0.495 2.13
-0.4305 2.14
-0.50575 2.15
-0.4655 2.16
-0.34975 2.17
-0.37225 2.18
-0.16225 2.19
0.3005 2.2
0.01425 2.21
-0.15975 2.22
0.1895 2.23
0.284 2.24
-0.23975 2.25
0.00225 2.26
0.129 2.27
-0.0975 2.28
0.05075 2.29
0.097 2.3
0.07625 2.31
-0.10525 2.32
0.0575 2.33
-0.01275 2.34
-0.09025 2.35
-0.02625 2.36
-0.06 2.37
0.0315 2.38
0.1255 2.39
-0.0285 2.4
0.01775 2.41
0.04575 2.42
-0.039 2.43
-0.04675 2.44
0.04875 2.45
-0.0935 2.46
-0.00175 2.47
0.00625 2.48
0.04675 2.49
0.0165 2.5
0.05675 2.51
0.0295 2.52
0.01525 2.53
-0.05275 2.54
-0.00525 2.55
0.05525 2.56
-0.01025 2.57
0.008 2.58
0.01275 2.59
-0.03375 2.6
-0.04225 2.61
-0.03025 2.62
-0.00575 2.63
-0.061 2.64
-0.00275 2.65
-0.054 2.66
0.01175 2.67
0.00425 2.68
0.1005 2.69
0.01325 2.7
0.0005 2.71
-0.01725 2.72
0.05175 2.73
0.013 2.74
0.01575 2.75
-0.02125 2.76
-0.026 2.77
0.0735 2.78
-0.03225 2.79
-0.01525 2.8
-0.02025 2.81
0.01725 2.82
0.04175 2.83
0.0055 2.84
-0.001 2.85
0.03625 2.86
-0.03875 2.87
0.0445 2.88
-0.0695 2.89
0.072 2.9
-0.0495 2.91
0.015 2.92
0.004 2.93
-0.018 2.94
-0.008 2.95
-0.00875 2.96
-0.007 2.97
0.0195 2.98
0.03525 2.99
0.036 3
-0.002 3.01
-0.028 3.02
0.0105 3.03
-0.00975 3.04
-0.02775 3.05
0.04675 3.06
0.03 3.07
0.01375 3.08
0.03925 3.09
0.0155 3.1
-0.027 3.11
0.06675 3.12
0.006 3.13
0.06675 3.14
-0.00425 3.15
0.0165 3.16
-0.01125 3.17
-0.065 3.18
0.0065 3.19
0.01725 3.2
0.01375 3.21
-0.0095 3.22
-0.00475 3.23
0.01575 3.24
-0.01225 3.25
0.015 3.26
-0.002 3.27
-0.0065 3.28
-0.05725 3.29
-0.01975 3.3
-0.013 3.31
0.02025 3.32
0.00175 3.33
0.003 3.34
-0.01775 3.35
-0.006 3.36
0.02625 3.37
0.021 3.38
0.03 3.39
0.01775 3.4
-0.013 3.41
-0.0055 3.42
0.0025 3.43
-0.01575 3.44
-0.023 3.45
0.04175 3.46
0.019 3.47
-0.018 3.48
-0.008 3.49
-0.03725 3.5
-0.00075 3.51
-0.001 3.52
-0.00125 3.53
-0.0205 3.54
-0.0465 3.55
-0.043 3.56
-0.0135 3.57
-0.0185 3.58
0.01025 3.59
0.01125 3.6
-0.027 3.61
0.004 3.62
-0.009 3.63
-0.037 3.64
0.04 3.65
0.0325 3.66
0.0125 3.67
0.03075 3.68
-0.011 3.69
0.0045 3.7
0.0345 3.71
0.0235 3.72
-0.01525 3.73
0.00875 3.74
0.025 3.75
-0.01925 3.76
0.02375 3.77
0.01 3.78
-0.01775 3.79
-0.00625 3.8
0.004 3.81
-0.048 3.82
-0.0365 3.83
-0.04075 3.84
0.01425 3.85
0.0005 3.86
-0.00775 3.87
0.01075 3.88
-0.02225 3.89
-0.01625 3.9
0.005 3.91
-0.00275 3.92
0.03075 3.93
0.01675 3.94
0.01 3.95
0.00275 3.96
0.0025 3.97
-0.00275 3.98
0.01925 3.99
0.022 4
