1 0.01
1 0.02
1 0.03
1 0.04
1 0.05
1 0.06
1 0.07
1 0.08
1 0.09
1 0.1
1 0.11
1 0.12
1 0.13
1 0.14
1 0.15
1 0.16
1 0.17
1 0.18
1 0.19
1 0.2
1 0.21
1 0.22
1 0.23
1 0.24
1 0.25
1 0.26
1 0.27
1 0.28
1 0.29
1 0.3
1 0.31
1 0.32
1 0.33
1 0.34
1 0.35
1 0.36
1 0.37
1 0.38
1 0.39
1 0.4
1 0.41
1 0.42
1 0.43
1 0.44
1 0.45
0.99975 0.46
1 0.47
1 0.48
1 0.49
1 0.5
1 0.51
1 0.52
1 0.53
0.99975 0.54
1 0.55
1 0.56
0.9995 0.57
0.99975 0.58
1 0.59
0.99975 0.6
1 0.61
0.99975 0.62
0.9995 0.63
1 0.64
0.99975 0.65
1 0.66
1 0.67
0.9995 0.68
1 0.69
1 0.7
0.9995 0.71
0.9995 0.72
0.99975 0.73
0.9985 0.74
0.99925 0.75
0.99925 0.76
1 0.77
0.99925 0.78
0.99825 0.79
0.99825 0.8
0.998 0.81
0.999 0.82
0.99925 0.83
0.99775 0.84
0.99875 0.85
0.9995 0.86
0.998 0.87
0.99725 0.88
0.9975 0.89
0.99625 0.9
0.99775 0.91
0.99775 0.92
0.9975 0.93
0.9955 0.94
0.994 0.95
0.99675 0.96
0.993 0.97
0.99475 0.98
0.9925 0.99
0.99425 1
0.99475 1.01
0.99275 1.02
0.99425 1.03
0.993 1.04
0.99275 1.05
0.992 1.06
0.99 1.07
0.992 1.08
0.9885 1.09
0.9895 1.1
0.9905 1.11
0.989 1.12
0.9885 1.13
0.9875 1.14
0.98825 1.15
0.98825 1.16
0.98425 1.17
0.98975 1.18
0.982 1.19
0.98175 1.2
0.98325 1.21
0.984 1.22
0.98325 1.23
0.97825 1.24
0.97875 1.25
0.9785 1.26
0.97675 1.27
0.97675 1.28
0.9785 1.29
0.97575 1.3
0.977 1.31
0.97175 1.32
0.9735 1.33
0.97275 1.34
0.96875 1.35
0.97075 1.36
0.973 1.37
0.96825 1.38
0.95925 1.39
0.96325 1.4
0.96 1.41
0.95625 1.42
0.95475 1.43
0.953 1.44
0.94975 1.45
0.9555 1.46
0.948 1.47
0.95225 1.48
0.95175 1.49
0.954 1.5
0.94875 1.51
0.945 1.52
0.936 1.53
0.934 1.54
0.938 1.55
0.9365 1.56
0.928 1.57
0.93 1.58
0.92775 1.59
0.92725 1.6
0.921 1.61
0.91825 1.62
0.92025 1.63
0.9135 1.64
0.91275 1.65
0.91825 1.66
0.9015 1.67
0.89925 1.68
0.892 1.69
0.902 1.7
0.89775 1.71
0.8875 1.72
0.882 1.73
0.896 1.74
0.88275 1.75
0.87325 1.76
0.877 1.77
0.855 1.78
0.85525 1.79
0.837 1.8
0.827 1.81
0.84575 1.82
0.85625 1.83
0.85575 1.84
0.85925 1.85
0.84 1.86
0.828 1.87
0.81125 1.88
0.7895 1.89
0.799 1.9
0.81 1.91
0.81325 1.92
0.78175 1.93
0.7635 1.94
0.77075 1.95
0.75275 1.96
0.75675 1.97
0.75075 1.98
0.7475 1.99
0.74925 2
0.759 2.01
0.72975 2.02
0.6995 2.03
0.7205 2.04
0.718 2.05
0.707 2.06
0.699 2.07
0.68025 2.08
0.64775 2.09
0.63925 2.1
0.62825 2.11
0.63875 2.12
0.602 2.13
0.55275 2.14
0.53775 2.15
0.5295 2.16
0.476 2.17
0.46475 2.18
0.46725 2.19
0.4655 2.2
0.45475 2.21
0.43475 2.22
0.42275 2.23
0.36975 2.24
0.31275 2.25
0.29625 2.26
0.244 2.27
0.1585 2.28
0.16175 2.29
0.12425 2.3
0.10125 2.31
0.09325 2.32
0.1 2.33
0.07075 2.34
0.062 2.35
0.03275 2.36
0.02575 2.37
-0.00875 2.38
-0.03 2.39
-0.02625 2.4
0.0175 2.41
0.0045 2.42
0.02275 2.43
0.0165 2.44
0.04225 2.45
0.026 2.46
0.02325 2.47
0.07025 2.48
0.08075 2.49
0.05225 2.5
0.01425 2.51
0.01925 2.52
0.02 2.53
0.027 2.54
0.0135 2.55
-0.00575 2.56
-0.0535 2.57
-0.00725 2.58
0.01575 2.59
-0.002 2.6
-0.0155 2.61
-0.052 2.62
0.0085 2.63
0.02 2.64
-0.00475 2.65
-0.05175 2.66
-0.03 2.67
0.00575 2.68
0.07 2.69
0.01725 2.7
0.01525 2.71
0.019 2.72
0.03325 2.73
0.0195 2.74
0.007 2.75
-0.00325 2.76
0.05525 2.77
-0.03125 2.78
-0.02425 2.79
-0.00625 2.8
0.01075 2.81
0.02225 2.82
0.0035 2.83
-0.0055 2.84
0.01075 2.85
0.03625 2.86
-0.0205 2.87
-0.0215 2.88
-0.019 2.89
-0.009 2.9
-0.012 2.91
-0.04675 2.92
-0.01975 2.93
0.001 2.94
0.05475 2.95
0.045 2.96
0.04125 2.97
0.0295 2.98
0.0215 2.99
0.00325 3
0.00575 3.01
0.0635 3.02
0.01625 3.03
-0.0095 3.04
-0.0035 3.05
0.00025 3.06
0.022 3.07
-0.03875 3.08
-0.02825 3.09
-0.0165 3.1
-0.00925 3.11
-0.0245 3.12
0.02775 3.13
0.054 3.14
-0.02325 3.15
0.00375 3.16
-0.02675 3.17
-0.05475 3.18
0.00725 3.19
0.0015 3.2
0.02925 3.21
0.04275 3.22
0.0205 3.23
-0.006 3.24
0.01075 3.25
-0.05375 3.26
0.0095 3.27
0.04225 3.28
-0.00225 3.29
-0.01 3.3
0.0145 3.31
-0.0485 3.32
0.013 3.33
0.047 3.34
0.01625 3.35
-0.019 3.36
-0.00725 3.37
0.014 3.38
-0.0005 3.39
-0.03525 3.4
-0.0115 3.41
0.0275 3.42
0.026 3.43
-0.00375 3.44
0.0045 3.45
0.00175 3.46
-0.02775 3.47
-0.026 3.48
-0.0355 3.49
-0.023 3.5
-0.01025 3.51
-0.02675 3.52
-0.02225 3.53
-0.02725 3.54
-0.002 3.55
0.02575 3.56
-0.03475 3.57
0.02025 3.58
-0.01075 3.59
0.021 3.6
-0.0195 3.61
-0.0055 3.62
0.00375 3.63
-0.0045 3.64
-0.00425 3.65
-0.00975 3.66
0.01275 3.67
0.024 3.68
0.04725 3.69
-0.02925 3.7
0.019 3.71
0.01775 3.72
0.00675 3.73
-0.015 3.74
-0.02025 3.75
-0.00475 3.76
-0.00075 3.77
0.013 3.78
-0.04775 3.79
0.0585 3.8
-0.016 3.81
-0.02 3.82
0.02625 3.83
0.0285 3.84
-0.0005 3.85
0.012 3.86
0.00075 3.87
-0.0115 3.88
0.006 3.89
0.0055 3.9
-0.00225 3.91
0.024 3.92
-0.04875 3.93
-0.0395 3.94
0.01525 3.95
-0.03575 3.96
0.021 3.97
0.00625 3.98
-0.005 3.99
-0.03825 4
