1 0.01
1 0.02
1 0.03
1 0.04
1 0.05
1 0.06
1 0.07
1 0.08
1 0.09
1 0.1
1 0.11
1 0.12
1 0.13
1 0.14
1 0.15
1 0.16
1 0.17
1 0.18
1 0.19
1 0.2
1 0.21
1 0.22
1 0.23
1 0.24
1 0.25
1 0.26
1 0.27
1 0.28
1 0.29
1 0.3
1 0.31
1 0.32
1 0.33
1 0.34
1 0.35
1 0.36
1 0.37
1 0.38
1 0.39
1 0.4
1 0.41
1 0.42
1 0.43
1 0.44
1 0.45
1 0.46
1 0.47
1 0.48
1 0.49
1 0.5
1 0.51
1 0.52
1 0.53
1 0.54
1 0.55
1 0.56
1 0.57
1 0.58
1 0.59
1 0.6
1 0.61
1 0.62
1 0.63
1 0.64
1 0.65
1 0.66
0.998 0.67
1 0.68
0.998 0.69
0.998 0.7
0.998 0.71
0.998 0.72
1 0.73
1 0.74
0.998 0.75
1 0.76
1 0.77
1 0.78
0.996 0.79
0.996 0.8
1 0.81
1 0.82
1 0.83
1 0.84
0.998 0.85
0.998 0.86
0.998 0.87
0.998 0.88
0.998 0.89
0.998 0.9
0.998 0.91
1 0.92
0.99 0.93
0.992 0.94
1 0.95
1 0.96
0.99 0.97
0.992 0.98
0.992 0.99
0.994 1
0.994 1.01
0.99 1.02
0.998 1.03
1 1.04
0.988 1.05
0.994 1.06
0.994 1.07
0.992 1.08
0.996 1.09
0.996 1.1
0.986 1.11
0.984 1.12
0.994 1.13
0.978 1.14
0.996 1.15
0.99 1.16
0.988 1.17
0.986 1.18
0.986 1.19
0.994 1.2
0.992 1.21
0.982 1.22
0.988 1.23
0.978 1.24
0.984 1.25
0.972 1.26
0.992 1.27
0.966 1.28
0.98 1.29
0.976 1.3
0.986 1.31
0.958 1.32
0.974 1.33
0.974 1.34
0.97 1.35
0.958 1.36
0.956 1.37
0.948 1.38
0.982 1.39
0.974 1.4
0.966 1.41
0.962 1.42
0.93 1.43
0.974 1.44
0.972 1.45
0.94 1.46
0.95 1.47
0.95 1.48
0.94 1.49
0.966 1.5
0.952 1.51
0.94 1.52
0.948 1.53
0.958 1.54
0.954 1.55
0.94 1.56
0.94 1.57
0.934 1.58
0.912 1.59
0.942 1.6
0.92 1.61
0.91 1.62
0.92 1.63
0.924 1.64
0.898 1.65
0.902 1.66
0.92 1.67
0.902 1.68
0.918 1.69
0.916 1.7
0.884 1.71
0.932 1.72
0.818 1.73
0.888 1.74
0.906 1.75
0.866 1.76
0.846 1.77
0.906 1.78
0.812 1.79
0.854 1.8
0.766 1.81
0.83 1.82
0.822 1.83
0.78 1.84
0.878 1.85
-0.844 1.86
0.84 1.87
0.826 1.88
0.78 1.89
-0.828 1.9
-0.796 1.91
0.496 1.92
0.714 1.93
0.73 1.94
-0.722 1.95
0.162 1.96
-0.8 1.97
-0.626 1.98
0.738 1.99
0.74 2
0.148 2.01
-0.264 2.02
-0.548 2.03
0.454 2.04
0.726 2.05
0.53 2.06
-0.4 2.07
0.496 2.08
-0.504 2.09
0.472 2.1
0.606 2.11
-0.322 2.12
-0.414 2.13
-0.648 2.14
0.188 2.15
0.402 2.16
-0.51 2.17
0.276 2.18
-0.176 2.19
0.406 2.2
0.142 2.21
0.068 2.22
0.458 2.23
-0.342 2.24
0.052 2.25
-0.26 2.26
-0.04 2.27
-0.066 2.28
-0.036 2.29
-0.132 2.3
0.202 2.31
-0.1 2.32
-0.14 2.33
0.164 2.34
0.098 2.35
0.372 2.36
0.086 2.37
-0.018 2.38
0.024 2.39
0.248 2.4
-0.11 2.41
0.168 2.42
0.084 2.43
0.222 2.44
-0.086 2.45
-0.08 2.46
-0.124 2.47
0.028 2.48
0.028 2.49
-0.042 2.5
-0.106 2.51
-0.162 2.52
0.05 2.53
-0.09 2.54
-0.128 2.55
-0.012 2.56
0.038 2.57
-0.016 2.58
-0.074 2.59
-0.238 2.6
-0.07 2.61
0.026 2.62
-0.064 2.63
-0.132 2.64
-0.068 2.65
0.002 2.66
-0.01 2.67
0.038 2.68
-0.072 2.69
0.094 2.7
0.03 2.71
-0.054 2.72
0.04 2.73
-0.052 2.74
-0.016 2.75
-0.06 2.76
0.044 2.77
-0.026 2.78
0.058 2.79
-0.042 2.8
0.008 2.81
0.272 2.82
-0.05 2.83
-0.092 2.84
-0.052 2.85
-0.084 2.86
-0.004 2.87
0.016 2.88
0.008 2.89
-0.07 2.9
-0.09 2.91
0.006 2.92
-0.032 2.93
0.21 2.94
0.06 2.95
0.026 2.96
-0.036 2.97
-0.004 2.98
-0.084 2.99
-0.134 3
0.008 3.01
0.036 3.02
0.054 3.03
0.042 3.04
0.004 3.05
-0.036 3.06
-0.018 3.07
0.02 3.08
-0.006 3.09
-0.016 3.1
-0.074 3.11
-0.024 3.12
0.06 3.13
-0.058 3.14
0.044 3.15
0.116 3.16
0.054 3.17
0.008 3.18
-0.07 3.19
-0.068 3.2
-0.106 3.21
0.008 3.22
-0.046 3.23
-0.058 3.24
0.002 3.25
-0.088 3.26
0.066 3.27
-0.05 3.28
0.026 3.29
-0.002 3.3
-0.028 3.31
0.168 3.32
0 3.33
-0.08 3.34
0.024 3.35
0.064 3.36
0.07 3.37
0.066 3.38
-0.042 3.39
0.074 3.4
-0.066 3.41
0.018 3.42
0.036 3.43
-0.076 3.44
0.042 3.45
0.012 3.46
0.094 3.47
0.082 3.48
0.004 3.49
-0.042 3.5
0.108 3.51
-0.018 3.52
-0.004 3.53
-0.088 3.54
-0.052 3.55
-0.028 3.56
0.054 3.57
0.048 3.58
0.086 3.59
0.046 3.6
-0.03 3.61
0.012 3.62
0.038 3.63
0.026 3.64
0.034 3.65
0.016 3.66
0.098 3.67
0.002 3.68
-0.09 3.69
-0.092 3.7
-0.036 3.71
-0.03 3.72
0.098 3.73
0 3.74
0.108 3.75
0.028 3.76
-0.008 3.77
0.014 3.78
0.022 3.79
0.01 3.8
0.064 3.81
0.012 3.82
-0.046 3.83
0.006 3.84
-0.004 3.85
-0.044 3.86
-0.072 3.87
0.05 3.88
-0.102 3.89
0.06 3.9
0.064 3.91
-0.032 3.92
0.066 3.93
0.026 3.94
0.024 3.95
-0.048 3.96
0.044 3.97
-0.052 3.98
0.036 3.99
0.018 4
