1 0.01
1 0.02
1 0.03
1 0.04
1 0.05
1 0.06
1 0.07
1 0.08
1 0.09
1 0.1
1 0.11
1 0.12
1 0.13
1 0.14
1 0.15
1 0.16
1 0.17
1 0.18
1 0.19
1 0.2
1 0.21
1 0.22
1 0.23
1 0.24
1 0.25
1 0.26
1 0.27
1 0.28
1 0.29
1 0.3
1 0.31
1 0.32
1 0.33
1 0.34
1 0.35
1 0.36
1 0.37
1 0.38
1 0.39
1 0.4
1 0.41
1 0.42
1 0.43
1 0.44
1 0.45
1 0.46
0.999969 0.47
1 0.48
1 0.49
1 0.5
1 0.51
1 0.52
0.999969 0.53
1 0.54
0.999938 0.55
0.999969 0.56
0.999969 0.57
0.999969 0.58
0.999906 0.59
0.999938 0.6
0.999969 0.61
0.999969 0.62
0.999844 0.63
0.999938 0.64
0.999719 0.65
0.999625 0.66
0.999812 0.67
0.99975 0.68
0.999719 0.69
0.999719 0.7
0.999563 0.71
0.9995 0.72
0.99925 0.73
0.999437 0.74
0.999687 0.75
0.999344 0.76
0.999219 0.77
0.999062 0.78
0.998844 0.79
0.998719 0.8
0.998719 0.81
0.998844 0.82
0.998531 0.83
0.998812 0.84
0.99825 0.85
0.998313 0.86
0.997656 0.87
0.9975 0.88
0.997563 0.89
0.997469 0.9
0.996812 0.91
0.996969 0.92
0.996094 0.93
0.996687 0.94
0.996188 0.95
0.995719 0.96
0.995031 0.97
0.994844 0.98
0.994375 0.99
0.995062 1
0.994406 1.01
0.993375 1.02
0.993156 1.03
0.992938 1.04
0.992625 1.05
0.991719 1.06
0.991437 1.07
0.991437 1.08
0.990031 1.09
0.990594 1.1
0.989594 1.11
0.989437 1.12
0.988281 1.13
0.98775 1.14
0.987187 1.15
0.9885 1.16
0.987187 1.17
0.984906 1.18
0.985437 1.19
0.982563 1.2
0.983812 1.21
0.982219 1.22
0.980437 1.23
0.981062 1.24
0.979 1.25
0.979 1.26
0.977125 1.27
0.977094 1.28
0.975344 1.29
0.97425 1.3
0.974812 1.31
0.973781 1.32
0.970781 1.33
0.969375 1.34
0.968063 1.35
0.968344 1.36
0.967781 1.37
0.962562 1.38
0.964094 1.39
0.96075 1.4
0.961187 1.41
0.958 1.42
0.95775 1.43
0.957688 1.44
0.953406 1.45
0.954125 1.46
0.952844 1.47
0.9485 1.48
0.948781 1.49
0.949281 1.5
0.943594 1.51
0.940625 1.52
0.939063 1.53
0.939813 1.54
0.9385 1.55
0.932219 1.56
0.93 1.57
0.926625 1.58
0.925531 1.59
0.926 1.6
0.921031 1.61
0.919406 1.62
0.918813 1.63
0.91575 1.64
0.913719 1.65
0.913781 1.66
0.907344 1.67
0.907344 1.68
0.898969 1.69
0.900625 1.7
0.891437 1.71
0.887219 1.72
0.891094 1.73
0.887938 1.74
0.881594 1.75
0.88375 1.76
0.876 1.77
0.872875 1.78
0.866563 1.79
0.860125 1.8
0.856563 1.81
0.847875 1.82
0.84425 1.83
0.841094 1.84
0.839 1.85
0.838031 1.86
0.831562 1.87
0.823187 1.88
0.820688 1.89
0.819562 1.9
0.806219 1.91
0.804844 1.92
0.798562 1.93
0.793375 1.94
0.786563 1.95
0.771 1.96
0.769844 1.97
0.763781 1.98
0.757844 1.99
0.744094 2
0.732344 2.01
0.729437 2.02
0.715187 2.03
0.699969 2.04
0.689469 2.05
0.675625 2.06
0.667375 2.07
0.667687 2.08
0.652969 2.09
0.640719 2.1
0.639219 2.11
0.620094 2.12
0.607812 2.13
0.590594 2.14
0.579562 2.15
0.559906 2.16
0.54675 2.17
0.540031 2.18
0.522781 2.19
0.489656 2.2
0.465938 2.21
0.453969 2.22
0.435219 2.23
0.410031 2.24
0.40475 2.25
0.402781 2.26
0.374125 2.27
0.341 2.28
0.317469 2.29
0.311656 2.3
0.290781 2.31
0.271094 2.32
0.247438 2.33
0.228313 2.34
0.214188 2.35
0.182281 2.36
0.173469 2.37
0.162781 2.38
0.136031 2.39
0.0887187 2.4
0.0843437 2.41
0.0611563 2.42
0.0522813 2.43
0.0343125 2.44
0.0269375 2.45
0.0323437 2.46
0.0382188 2.47
0.0368438 2.48
0.0343125 2.49
0.0339687 2.5
0.00190625 2.51
0.0239375 2.52
0.0315312 2.53
0.003 2.54
0.00728125 2.55
0.0100625 2.56
0.00353125 2.57
0.0015 2.58
0.00015625 2.59
-0.00571875 2.6
-0.01225 2.61
0.00584375 2.62
-0.016 2.63
0.00990625 2.64
-0.00515625 2.65
-0.006875 2.66
-0.00871875 2.67
0.0025625 2.68
-0.00890625 2.69
0.0125313 2.7
0.00378125 2.71
0.0118438 2.72
0.00715625 2.73
0.0014375 2.74
-0.0111875 2.75
0.0005625 2.76
0.0165313 2.77
0.0083125 2.78
0.00246875 2.79
-0.00340625 2.8
0.00190625 2.81
-0.0055 2.82
-0.00525 2.83
-0.0111875 2.84
-0.0109062 2.85
-0.0132187 2.86
-0.0165 2.87
-0.008375 2.88
-0.00584375 2.89
0.00353125 2.9
0.0110625 2.91
0.005125 2.92
0.0034375 2.93
-0.007875 2.94
-0.00490625 2.95
0.00696875 2.96
-0.00146875 2.97
-0.0079375 2.98
0.0138438 2.99
-0.00659375 3
0.0075625 3.01
-0.007375 3.02
-0.0089375 3.03
0.0161563 3.04
0.00103125 3.05
0.00671875 3.06
-0.00675 3.07
-0.0105 3.08
-0.0055 3.09
-0.0213125 3.1
-0.0066875 3.11
0.0091875 3.12
0.00290625 3.13
-0.0019375 3.14
0.0051875 3.15
-0.00415625 3.16
0.00184375 3.17
0.00725 3.18
-0.00640625 3.19
-0.0016875 3.2
-0.0045 3.21
0.00184375 3.22
-0.00246875 3.23
-0.00284375 3.24
0.0029375 3.25
0.00253125 3.26
0.0045 3.27
-0.0054375 3.28
0.00390625 3.29
-0.00053125 3.3
0.005625 3.31
-0.00190625 3.32
-0.0076875 3.33
-0.00609375 3.34
0.00596875 3.35
-0.00234375 3.36
-0.00053125 3.37
0.0024375 3.38
0.00340625 3.39
0.00375 3.4
0.00296875 3.41
-0.00171875 3.42
0.00790625 3.43
0.00384375 3.44
0.0104375 3.45
0.0006875 3.46
0.0150625 3.47
0.0005625 3.48
0.00090625 3.49
0.00034375 3.5
0.0103125 3.51
-0.00259375 3.52
-0.0028125 3.53
-0.00359375 3.54
-0.0054375 3.55
0.00675 3.56
-0.00578125 3.57
-0.005 3.58
-0.0016875 3.59
-0.0162188 3.6
0.00353125 3.61
-0.0161875 3.62
-0.0005 3.63
-0.0109687 3.64
0.0165625 3.65
-0.00490625 3.66
0.00065625 3.67
0.004 3.68
0.0160625 3.69
0.00646875 3.7
0.0124688 3.71
0.00640625 3.72
0.009875 3.73
-0.0102813 3.74
-0.00375 3.75
-0.001125 3.76
-0.0026875 3.77
-0.0091875 3.78
-0.006 3.79
-0.00725 3.8
0.0066875 3.81
0.0063125 3.82
0.00615625 3.83
0.00384375 3.84
0.0111875 3.85
0.00875 3.86
-0.008125 3.87
-0.00465625 3.88
-0.012875 3.89
6.25e-05 3.9
0.0165313 3.91
-0.00484375 3.92
0.008375 3.93
-0.003875 3.94
0.0060625 3.95
-0.0048125 3.96
-0.0023125 3.97
-0.00475 3.98
-0.0039375 3.99
-0.00703125 4
