1 0.01
1 0.02
1 0.03
1 0.04
1 0.05
1 0.06
1 0.07
1 0.08
1 0.09
1 0.1
1 0.11
1 0.12
1 0.13
1 0.14
1 0.15
1 0.16
1 0.17
1 0.18
1 0.19
1 0.2
1 0.21
1 0.22
1 0.23
1 0.24
1 0.25
1 0.26
1 0.27
1 0.28
1 0.29
1 0.3
1 0.31
1 0.32
1 0.33
1 0.34
1 0.35
1 0.36
1 0.37
1 0.38
1 0.39
1 0.4
1 0.41
1 0.42
1 0.43
1 0.44
1 0.45
1 0.46
1 0.47
1 0.48
0.999926 0.49
1 0.5
1 0.51
1 0.52
1 0.53
0.999926 0.54
1 0.55
1 0.56
0.999852 0.57
1 0.58
0.999926 0.59
0.999926 0.6
0.999778 0.61
0.999704 0.62
1 0.63
0.999926 0.64
0.999704 0.65
0.999852 0.66
0.99963 0.67
0.999556 0.68
0.999926 0.69
0.999556 0.7
0.999704 0.71
0.999556 0.72
0.999556 0.73
0.999407 0.74
0.999185 0.75
0.999111 0.76
0.999111 0.77
0.999111 0.78
0.998963 0.79
0.998815 0.8
0.998593 0.81
0.998222 0.82
0.998148 0.83
0.998815 0.84
0.998148 0.85
0.998148 0.86
0.997037 0.87
0.997407 0.88
0.997037 0.89
0.998 0.9
0.996889 0.91
0.996667 0.92
0.996963 0.93
0.995704 0.94
0.995778 0.95
0.994148 0.96
0.994963 0.97
0.995037 0.98
0.99563 0.99
0.993556 1
0.994 1.01
0.994519 1.02
0.993704 1.03
0.993481 1.04
0.992667 1.05
0.991852 1.06
0.992296 1.07
0.990222 1.08
0.991037 1.09
0.989852 1.1
0.989185 1.11
0.98837 1.12
0.988963 1.13
0.988 1.14
0.988222 1.15
0.988593 1.16
0.987111 1.17
0.984222 1.18
0.986963 1.19
0.984444 1.2
0.983926 1.21
0.980519 1.22
0.982963 1.23
0.977704 1.24
0.97963 1.25
0.978741 1.26
0.977037 1.27
0.974519 1.28
0.974889 1.29
0.977704 1.3
0.975333 1.31
0.971778 1.32
0.969926 1.33
0.969556 1.34
0.970444 1.35
0.968074 1.36
0.968 1.37
0.964444 1.38
0.960519 1.39
0.95837 1.4
0.961778 1.41
0.960296 1.42
0.958741 1.43
0.959111 1.44
0.960074 1.45
0.951852 1.46
0.952519 1.47
0.95163 1.48
0.947037 1.49
0.944 1.5
0.945407 1.51
0.940444 1.52
0.937259 1.53
0.93363 1.54
0.930815 1.55
0.935185 1.56
0.929481 1.57
0.929111 1.58
0.927778 1.59
0.925926 1.6
0.919333 1.61
0.917926 1.62
0.92163 1.63
0.918519 1.64
0.910963 1.65
0.91163 1.66
0.904593 1.67
0.902741 1.68
0.902519 1.69
0.900222 1.7
0.898074 1.71
0.898074 1.72
0.88963 1.73
0.888 1.74
0.884 1.75
0.878593 1.76
0.877259 1.77
0.874667 1.78
0.870667 1.79
0.864 1.8
0.858 1.81
0.863185 1.82
0.860296 1.83
0.848741 1.84
0.844963 1.85
0.830741 1.86
0.82037 1.87
0.807481 1.88
0.799556 1.89
0.79763 1.9
0.785704 1.91
0.78963 1.92
0.792 1.93
0.790667 1.94
0.773704 1.95
0.770148 1.96
0.76037 1.97
0.756593 1.98
0.741926 1.99
0.752222 2
0.722148 2.01
0.717037 2.02
0.713852 2.03
0.71037 2.04
0.702 2.05
0.686222 2.06
0.678222 2.07
0.67037 2.08
0.66037 2.09
0.653481 2.1
0.651111 2.11
0.650519 2.12
0.629852 2.13
0.616741 2.14
0.615259 2.15
0.591185 2.16
0.587037 2.17
0.554 2.18
0.553704 2.19
0.524296 2.2
0.482667 2.21
0.46237 2.22
0.457407 2.23
0.454222 2.24
0.418 2.25
0.406519 2.26
0.369185 2.27
0.338667 2.28
0.336963 2.29
0.332963 2.3
0.30163 2.31
0.28563 2.32
0.280296 2.33
0.25237 2.34
0.201481 2.35
0.167852 2.36
0.173926 2.37
0.131333 2.38
0.0955556 2.39
0.0780741 2.4
0.0607407 2.41
0.0494074 2.42
0.0307407 2.43
0.0199259 2.44
0.000296296 2.45
0.00696296 2.46
0.034963 2.47
0.00992593 2.48
-0.0338519 2.49
-0.016 2.5
-0.0526667 2.51
-0.0359259 2.52
-0.00696296 2.53
0.000518519 2.54
0.0132593 2.55
-0.0116296 2.56
0.0097037 2.57
0.00918519 2.58
0.00385185 2.59
0.0114074 2.6
0.0235556 2.61
-0.00622222 2.62
-0.000666667 2.63
-0.00511111 2.64
0.0265185 2.65
0.00740741 2.66
0.0106667 2.67
-0.0117778 2.68
-0.00681481 2.69
-0.00444444 2.7
0.0180741 2.71
0.0216296 2.72
-0.00333333 2.73
-0.0380741 2.74
-0.00851852 2.75
-0.00585185 2.76
0.0037037 2.77
0.0185185 2.78
-0.000740741 2.79
0.00481481 2.8
0.0175556 2.81
-0.0154815 2.82
-0.00496296 2.83
0.0195556 2.84
0.0121481 2.85
0.0239259 2.86
0.000518519 2.87
0.00540741 2.88
0.00888889 2.89
0.0057037 2.9
0.000222222 2.91
-0.0163704 2.92
0.000296296 2.93
-0.000592593 2.94
0.00955556 2.95
0.00422222 2.96
-0.0157778 2.97
-0.00259259 2.98
-0.0114074 2.99
-0.0222963 3
0.00866667 3.01
-0.00748148 3.02
-0.0192593 3.03
-0.00466667 3.04
0.0168889 3.05
0.015037 3.06
0.00703704 3.07
0.00525926 3.08
-0.019037 3.09
0.00585185 3.1
0.0042963 3.11
-0.00385185 3.12
0.0017037 3.13
0.0144444 3.14
0.0022963 3.15
-0.00237037 3.16
-0.00792593 3.17
0.00644444 3.18
-0.0097037 3.19
0.0111852 3.2
0.0162222 3.21
0.00459259 3.22
-0.0248148 3.23
0.0185185 3.24
-0.01 3.25
-0.00481481 3.26
-0.00222222 3.27
0.0196296 3.28
-0.00437037 3.29
-0.0177778 3.3
0.0165185 3.31
-0.00822222 3.32
0.00325926 3.33
-0.000148148 3.34
-0.0117778 3.35
0.00807407 3.36
-0.0148148 3.37
-0.00303704 3.38
-0.004 3.39
-0.0163704 3.4
-0.0220741 3.41
-0.0116296 3.42
0.0142963 3.43
0.0116296 3.44
-0.012 3.45
-0.00637037 3.46
-0.00844444 3.47
0.0132593 3.48
0.0037037 3.49
-0.00496296 3.5
-0.00311111 3.51
0.00140741 3.52
-0.0204444 3.53
0.0185926 3.54
-0.00718519 3.55
-0.0102963 3.56
-7.40741e-05 3.57
0.0111111 3.58
0.0185185 3.59
-0.00140741 3.6
-0.00177778 3.61
0.00533333 3.62
0.00666667 3.63
0.0178519 3.64
-0.0128889 3.65
0.000962963 3.66
-0.00962963 3.67
-0.0114074 3.68
-0.0100741 3.69
0.00785185 3.7
0.0102222 3.71
-0.00259259 3.72
0.00718519 3.73
0.00918519 3.74
0.00266667 3.75
-0.00733333 3.76
0.00118519 3.77
-0.00348148 3.78
0.00437037 3.79
-0.00355556 3.8
0.0176296 3.81
0.00548148 3.82
0.0122963 3.83
-0.01 3.84
-0.00748148 3.85
-0.000148148 3.86
-0.000592593 3.87
-0.00125926 3.88
0.0125185 3.89
0.0158519 3.9
-0.0144444 3.91
-0.00318519 3.92
0.00274074 3.93
0.0162963 3.94
0.00525926 3.95
0.0215556 3.96
-0.0156296 3.97
-0.00133333 3.98
0.0125185 3.99
0.0192593 4
