1 0.01
1 0.02
1 0.03
1 0.04
1 0.05
1 0.06
1 0.07
1 0.08
1 0.09
1 0.1
1 0.11
1 0.12
1 0.13
1 0.14
1 0.15
1 0.16
1 0.17
1 0.18
1 0.19
1 0.2
1 0.21
1 0.22
1 0.23
1 0.24
1 0.25
1 0.26
1 0.27
1 0.28
1 0.29
1 0.3
1 0.31
1 0.32
1 0.33
1 0.34
1 0.35
1 0.36
1 0.37
1 0.38
1 0.39
1 0.4
1 0.41
1 0.42
1 0.43
1 0.44
1 0.45
1 0.46
1 0.47
1 0.48
1 0.49
1 0.5
1 0.51
0.999926 0.52
0.999852 0.53
1 0.54
0.999926 0.55
1 0.56
1 0.57
0.999852 0.58
0.999926 0.59
0.999926 0.6
0.999926 0.61
0.999926 0.62
0.999556 0.63
1 0.64
0.999852 0.65
0.999704 0.66
0.999704 0.67
0.999778 0.68
0.99963 0.69
0.999407 0.7
0.999926 0.71
0.999481 0.72
0.999704 0.73
0.999556 0.74
0.998815 0.75
0.999333 0.76
0.999259 0.77
0.999185 0.78
0.999037 0.79
0.999037 0.8
0.998741 0.81
0.99837 0.82
0.998963 0.83
0.998667 0.84
0.998222 0.85
0.997333 0.86
0.998296 0.87
0.997333 0.88
0.997481 0.89
0.997556 0.9
0.99763 0.91
0.997259 0.92
0.996 0.93
0.996889 0.94
0.997037 0.95
0.994889 0.96
0.994074 0.97
0.99563 0.98
0.995556 0.99
0.995037 1
0.995185 1.01
0.994 1.02
0.994074 1.03
0.993185 1.04
0.991704 1.05
0.99163 1.06
0.991185 1.07
0.993333 1.08
0.990519 1.09
0.989778 1.1
0.98963 1.11
0.989407 1.12
0.990148 1.13
0.987481 1.14
0.989111 1.15
0.986667 1.16
0.984815 1.17
0.985852 1.18
0.986444 1.19
0.983481 1.2
0.983185 1.21
0.979704 1.22
0.979407 1.23
0.97837 1.24
0.98163 1.25
0.978074 1.26
0.978296 1.27
0.974963 1.28
0.974148 1.29
0.975556 1.3
0.973407 1.31
0.974074 1.32
0.968444 1.33
0.970222 1.34
0.972074 1.35
0.966667 1.36
0.967556 1.37
0.962741 1.38
0.961037 1.39
0.960667 1.4
0.96 1.41
0.957481 1.42
0.959259 1.43
0.955481 1.44
0.953704 1.45
0.949704 1.46
0.948815 1.47
0.949333 1.48
0.947407 1.49
0.949852 1.5
0.94437 1.51
0.943259 1.52
0.940074 1.53
0.936519 1.54
0.937704 1.55
0.937111 1.56
0.930519 1.57
0.922148 1.58
0.927778 1.59
0.929556 1.6
0.924222 1.61
0.919407 1.62
0.916593 1.63
0.909704 1.64
0.910444 1.65
0.909111 1.66
0.906667 1.67
0.904296 1.68
0.897333 1.69
0.895704 1.7
0.886889 1.71
0.896667 1.72
0.887481 1.73
0.883037 1.74
0.879333 1.75
0.876444 1.76
0.872593 1.77
0.869704 1.78
0.865259 1.79
0.862296 1.8
0.850741 1.81
0.846148 1.82
0.836963 1.83
0.838741 1.84
0.844444 1.85
0.82037 1.86
0.822222 1.87
0.817111 1.88
0.790593 1.89
0.806815 1.9
0.818889 1.91
0.592741 1.92
0.478148 1.93
0.431852 1.94
0.335704 1.95
0.680741 1.96
0.767926 1.97
0.731704 1.98
0.690815 1.99
0.706 2
0.570667 2.01
0.42763 2.02
0.589407 2.03
0.629852 2.04
0.651704 2.05
0.642296 2.06
0.459333 2.07
0.535556 2.08
0.594519 2.09
0.51837 2.1
0.49 2.11
0.516519 2.12
0.399407 2.13
0.454815 2.14
0.351778 2.15
0.433704 2.16
0.372222 2.17
0.320667 2.18
0.412444 2.19
0.268074 2.2
0.278444 2.21
0.323037 2.22
0.273111 2.23
-0.0503704 2.24
-0.0557778 2.25
-0.10237 2.26
-0.0936296 2.27
-0.0211852 2.28
0.0239259 2.29
-0.0319259 2.3
-0.0698519 2.31
-0.0154074 2.32
-0.0272593 2.33
0.0500741 2.34
0.0582963 2.35
0.00955556 2.36
0.011037 2.37
0.020963 2.38
-0.0183704 2.39
-0.0688889 2.4
-0.00140741 2.41
-0.0546667 2.42
-0.0378519 2.43
-0.0122222 2.44
0.00333333 2.45
0.0197778 2.46
-0.0202963 2.47
-0.0242963 2.48
0.0062963 2.49
0.0102222 2.5
0.000222222 2.51
0.0197037 2.52
-0.0168889 2.53
-0.0132593 2.54
0.00592593 2.55
0.0258519 2.56
-0.010963 2.57
-0.0266667 2.58
-0.00992593 2.59
-0.021037 2.6
0.0183704 2.61
0.0223704 2.62
0.00614815 2.63
0.0162222 2.64
-0.0293333 2.65
0.00925926 2.66
0.014 2.67
0.0082963 2.68
0.0487407 2.69
-0.00296296 2.7
-0.0251852 2.71
-0.00562963 2.72
0.0202963 2.73
0.0374815 2.74
-0.00548148 2.75
-0.00274074 2.76
0.0155556 2.77
0.00614815 2.78
0.0062963 2.79
-0.00540741 2.8
0.0117037 2.81
-0.00325926 2.82
0.0133333 2.83
0.00992593 2.84
0.0174815 2.85
-0.00185185 2.86
-0.00644444 2.87
0.0219259 2.88
-0.00688889 2.89
-0.00807407 2.9
-0.000518519 2.91
0.0144444 2.92
0.014 2.93
-0.00488889 2.94
0.0134815 2.95
-0.015037 2.96
0.0107407 2.97
0.00659259 2.98
-0.0037037 2.99
0.0134815 3
-0.0158519 3.01
0.00992593 3.02
0.012963 3.03
0.0317778 3.04
-0.00355556 3.05
0.0173333 3.06
-0.00325926 3.07
0.00688889 3.08
-0.0154815 3.09
0.0111852 3.1
-0.00807407 3.11
0.0196296 3.12
-0.0168889 3.13
-0.00311111 3.14
0.0155556 3.15
0.0062963 3.16
-0.0203704 3.17
0.0116296 3.18
-0.0143704 3.19
-0.0224444 3.2
-0.00637037 3.21
0.0233333 3.22
0.0272593 3.23
0.0134074 3.24
0.012963 3.25
-0.00711111 3.26
0.0140741 3.27
0.0077037 3.28
-0.00111111 3.29
-0.00681481 3.3
0.00162963 3.31
-0.0122963 3.32
-0.00837037 3.33
0.00140741 3.34
-0.00407407 3.35
0.00711111 3.36
-0.0134074 3.37
0.00185185 3.38
0.0225926 3.39
0.0284444 3.4
-0.0114815 3.41
0.016963 3.42
-0.00555556 3.43
-0.00577778 3.44
-0.0140741 3.45
-0.0192593 3.46
0.00748148 3.47
0.0042963 3.48
0.00622222 3.49
-0.00733333 3.5
0.00622222 3.51
-0.00037037 3.52
0.000740741 3.53
0.0138519 3.54
0.0155556 3.55
0.00133333 3.56
0.00562963 3.57
-0.00562963 3.58
-0.0136296 3.59
-0.0172593 3.6
0.0102963 3.61
-0.0147407 3.62
0.00451852 3.63
-0.0261481 3.64
0.00555556 3.65
-0.0137037 3.66
0.0154815 3.67
0.00140741 3.68
0.0120741 3.69
0.00348148 3.7
0.0214074 3.71
0.000444444 3.72
-0.00740741 3.73
0.006 3.74
-0.0228148 3.75
-0.00133333 3.76
-0.0120741 3.77
-0.0231852 3.78
-0.0137037 3.79
0.00392593 3.8
0.00474074 3.81
-0.00451852 3.82
0.0131852 3.83
-0.0185185 3.84
0.00607407 3.85
0.0114815 3.86
-0.000444444 3.87
-0.00703704 3.88
-0.00407407 3.89
-0.0114815 3.9
-0.00192593 3.91
-0.00666667 3.92
-0.00237037 3.93
-0.00437037 3.94
-0.0160741 3.95
-0.00992593 3.96
-0.0111852 3.97
-0.00177778 3.98
-0.00851852 3.99
0.00422222 4
