1 0.01
1 0.02
1 0.03
1 0.04
1 0.05
1 0.06
1 0.07
1 0.08
1 0.09
1 0.1
1 0.11
1 0.12
1 0.13
1 0.14
1 0.15
1 0.16
1 0.17
1 0.18
1 0.19
1 0.2
1 0.21
1 0.22
1 0.23
1 0.24
1 0.25
1 0.26
1 0.27
1 0.28
1 0.29
1 0.3
1 0.31
1 0.32
1 0.33
1 0.34
1 0.35
1 0.36
1 0.37
1 0.38
1 0.39
1 0.4
1 0.41
1 0.42
1 0.43
1 0.44
1 0.45
1 0.46
1 0.47
1 0.48
1 0.49
1 0.5
1 0.51
1 0.52
1 0.53
1 0.54
1 0.55
1 0.56
1 0.57
1 0.58
0.99975 0.59
1 0.6
0.99975 0.61
1 0.62
1 0.63
1 0.64
0.99975 0.65
1 0.66
1 0.67
0.9995 0.68
1 0.69
0.9995 0.7
0.99975 0.71
0.99925 0.72
1 0.73
0.99925 0.74
0.99875 0.75
1 0.76
0.998 0.77
0.9995 0.78
0.99975 0.79
0.99875 0.8
0.99825 0.81
0.99925 0.82
0.9985 0.83
0.999 0.84
0.99875 0.85
0.997 0.86
0.998 0.87
0.9955 0.88
0.99825 0.89
0.99725 0.9
0.99525 0.91
0.99725 0.92
0.997 0.93
0.9965 0.94
0.997 0.95
0.99475 0.96
0.99625 0.97
0.9955 0.98
0.99475 0.99
0.99425 1
0.9925 1.01
0.995 1.02
0.99425 1.03
0.99225 1.04
0.994 1.05
0.99125 1.06
0.99375 1.07
0.9945 1.08
0.9915 1.09
0.9895 1.1
0.99025 1.11
0.99 1.12
0.991 1.13
0.98775 1.14
0.98825 1.15
0.98725 1.16
0.98575 1.17
0.98775 1.18
0.9855 1.19
0.98425 1.2
0.98175 1.21
0.98025 1.22
0.984 1.23
0.97825 1.24
0.9825 1.25
0.97225 1.26
0.9765 1.27
0.97725 1.28
0.97625 1.29
0.97175 1.3
0.9735 1.31
0.9775 1.32
0.9705 1.33
0.9685 1.34
0.971 1.35
0.966 1.36
0.97075 1.37
0.96375 1.38
0.96725 1.39
0.96025 1.4
0.95625 1.41
0.95925 1.42
0.9565 1.43
0.95625 1.44
0.95875 1.45
0.95 1.46
0.95075 1.47
0.9525 1.48
0.947 1.49
0.9435 1.5
0.94275 1.51
0.942 1.52
0.93625 1.53
0.9325 1.54
0.92775 1.55
0.94 1.56
0.92675 1.57
0.91975 1.58
0.93875 1.59
0.9275 1.6
0.9155 1.61
0.91075 1.62
0.9085 1.63
0.9145 1.64
0.9045 1.65
0.9205 1.66
0.9015 1.67
0.91125 1.68
0.89625 1.69
0.89725 1.7
0.9025 1.71
0.88 1.72
0.88225 1.73
0.8795 1.74
0.87 1.75
0.8785 1.76
0.881 1.77
0.85875 1.78
0.84425 1.79
0.84625 1.8
0.84025 1.81
0.8705 1.82
0.8325 1.83
0.8325 1.84
0.83 1.85
0.8265 1.86
0.804 1.87
0.80125 1.88
0.8065 1.89
0.80475 1.9
0.79 1.91
0.75425 1.92
0.7905 1.93
0.782 1.94
0.7505 1.95
0.7575 1.96
0.672 1.97
0.75575 1.98
0.763 1.99
0.72275 2
0.726 2.01
0.49675 2.02
0.28375 2.03
0.587 2.04
0.5335 2.05
0.40975 2.06
0.46875 2.07
0.4205 2.08
0.4745 2.09
0.5315 2.1
0.43925 2.11
0.487 2.12
0.444 2.13
0.4055 2.14
0.459 2.15
0.45825 2.16
0.45025 2.17
0.37275 2.18
-0.22075 2.19
0.178 2.2
0.36725 2.21
-0.15125 2.22
-0.204 2.23
0.2265 2.24
0.21825 2.25
-0.051 2.26
-0.182 2.27
0.08525 2.28
-0.116 2.29
0.2 2.3
-0.084 2.31
0.11075 2.32
0.06875 2.33
-0.0385 2.34
-0.09025 2.35
0.027 2.36
-0.0535 2.37
-0.03575 2.38
-0.0435 2.39
-0.0055 2.4
-0.15 2.41
0.0005 2.42
0.01825 2.43
-0.02475 2.44
-0.00275 2.45
0.02575 2.46
-0.0485 2.47
0.1035 2.48
0.03 2.49
-0.02975 2.5
0.02675 2.51
-0.0395 2.52
-0.06925 2.53
0.08525 2.54
0.01375 2.55
0.0275 2.56
-0.06175 2.57
0.03675 2.58
0.00425 2.59
-0.06825 2.6
0.0235 2.61
0.00025 2.62
-0.03575 2.63
0.02475 2.64
-0.03875 2.65
0.005 2.66
-0.00225 2.67
0.004 2.68
-0.021 2.69
-0.0695 2.7
-0.00925 2.71
0.007 2.72
0.034 2.73
0.006 2.74
0.01475 2.75
0.003 2.76
-0.07575 2.77
0.04 2.78
0.045 2.79
0.0045 2.8
-0.01675 2.81
-0.07925 2.82
0.0005 2.83
-0.04525 2.84
0.00375 2.85
0 2.86
-0.006 2.87
0.04575 2.88
-0.0195 2.89
-0.027 2.9
0.0425 2.91
0.03325 2.92
-0.02025 2.93
-0.00825 2.94
0.0205 2.95
-0.0425 2.96
0.02475 2.97
-0.0435 2.98
0.0005 2.99
0.01375 3
-0.021 3.01
0.00325 3.02
0.0205 3.03
-0.0025 3.04
-0.024 3.05
0.0045 3.06
-0.00975 3.07
-0.02975 3.08
-0.003 3.09
-0.00375 3.1
0.0195 3.11
0.0275 3.12
-0.04175 3.13
-0.00575 3.14
0.00875 3.15
-0.04025 3.16
0.002 3.17
0.01025 3.18
-0.00925 3.19
0.0235 3.2
-0.014 3.21
0.02525 3.22
0.02175 3.23
0.058 3.24
-0.02225 3.25
0.00425 3.26
0.002 3.27
-0.04375 3.28
0.0045 3.29
0.028 3.3
0.018 3.31
-0.008 3.32
-0.0485 3.33
0.006 3.34
-0.048 3.35
0.03725 3.36
-0.029 3.37
0.053 3.38
-0.0015 3.39
0.0305 3.4
0.01275 3.41
-0.01925 3.42
0 3.43
-0.00075 3.44
0.00225 3.45
0.01 3.46
-0.0135 3.47
0.00075 3.48
0.019 3.49
0.0105 3.5
0.0155 3.51
-0.014 3.52
0.0035 3.53
0.0205 3.54
0.07575 3.55
-0.0095 3.56
0.00325 3.57
-0.00175 3.58
0.027 3.59
-0.0065 3.6
-0.033 3.61
-0.00475 3.62
-0.009 3.63
0.02775 3.64
-0.0085 3.65
0.02325 3.66
-0.01375 3.67
-0.041 3.68
0.0425 3.69
-0.0075 3.7
-0.0255 3.71
-0.01325 3.72
-0.0235 3.73
-0.01275 3.74
0.0445 3.75
0.029 3.76
0.0315 3.77
-0.0125 3.78
-0.003 3.79
-0.0065 3.8
0.04125 3.81
0.0455 3.82
-0.009 3.83
-0.02825 3.84
-0.02425 3.85
0.01275 3.86
0.0255 3.87
-0.00075 3.88
-0.02075 3.89
0.02 3.9
0.011 3.91
0.01175 3.92
0.047 3.93
-0.02325 3.94
0.03475 3.95
-0.00025 3.96
-0.0115 3.97
0.01475 3.98
-0.0125 3.99
0.02625 4
