1 0.01
1 0.02
1 0.03
1 0.04
1 0.05
1 0.06
1 0.07
1 0.08
1 0.09
1 0.1
1 0.11
1 0.12
1 0.13
1 0.14
1 0.15
1 0.16
1 0.17
1 0.18
1 0.19
1 0.2
1 0.21
1 0.22
1 0.23
1 0.24
1 0.25
1 0.26
1 0.27
1 0.28
1 0.29
1 0.3
1 0.31
1 0.32
1 0.33
1 0.34
1 0.35
1 0.36
0.999984 0.37
1 0.38
1 0.39
1 0.4
1 0.41
1 0.42
1 0.43
1 0.44
1 0.45
1 0.46
0.999984 0.47
1 0.48
1 0.49
1 0.5
0.999968 0.51
0.999984 0.52
1 0.53
0.999952 0.54
0.999936 0.55
0.999936 0.56
0.999936 0.57
0.99992 0.58
0.99992 0.59
0.99992 0.6
0.99984 0.61
0.99984 0.62
0.999776 0.63
0.999824 0.64
0.999776 0.65
0.999808 0.66
0.999648 0.67
0.999744 0.68
0.99984 0.69
0.999568 0.7
0.999584 0.71
0.999616 0.72
0.999456 0.73
0.999328 0.74
0.9992 0.75
0.999264 0.76
0.999136 0.77
0.998976 0.78
0.998944 0.79
0.999024 0.8
0.998752 0.81
0.99848 0.82
0.99856 0.83
0.99848 0.84
0.998128 0.85
0.997968 0.86
0.997728 0.87
0.997632 0.88
0.997104 0.89
0.997488 0.9
0.996864 0.91
0.997008 0.92
0.997168 0.93
0.996464 0.94
0.996112 0.95
0.995888 0.96
0.995792 0.97
0.995184 0.98
0.994688 0.99
0.995072 1
0.994256 1.01
0.993936 1.02
0.99352 1.03
0.993408 1.04
0.992336 1.05
0.99232 1.06
0.991184 1.07
0.991248 1.08
0.9904 1.09
0.990048 1.1
0.989552 1.11
0.988848 1.12
0.988128 1.13
0.98808 1.14
0.98776 1.15
0.986384 1.16
0.98504 1.17
0.985808 1.18
0.984784 1.19
0.98392 1.2
0.982128 1.21
0.982816 1.22
0.981008 1.23
0.980432 1.24
0.978912 1.25
0.979008 1.26
0.9772 1.27
0.976784 1.28
0.97416 1.29
0.973024 1.3
0.973536 1.31
0.972848 1.32
0.968944 1.33
0.968256 1.34
0.969216 1.35
0.966912 1.36
0.966736 1.37
0.965568 1.38
0.964096 1.39
0.961952 1.4
0.960064 1.41
0.958256 1.42
0.957216 1.43
0.956048 1.44
0.955376 1.45
0.9536 1.46
0.951184 1.47
0.95024 1.48
0.945728 1.49
0.943744 1.5
0.944752 1.51
0.942736 1.52
0.941696 1.53
0.938528 1.54
0.935296 1.55
0.934176 1.56
0.931264 1.57
0.930208 1.58
0.927872 1.59
0.9236 1.6
0.922912 1.61
0.92152 1.62
0.914112 1.63
0.914928 1.64
0.9132 1.65
0.91064 1.66
0.905648 1.67
0.90184 1.68
0.901664 1.69
0.897328 1.7
0.89072 1.71
0.88624 1.72
0.885968 1.73
0.884112 1.74
0.881696 1.75
0.87512 1.76
0.873504 1.77
0.868464 1.78
0.863568 1.79
0.85816 1.8
0.852304 1.81
0.856768 1.82
0.848432 1.83
0.83904 1.84
0.835792 1.85
0.83328 1.86
0.83008 1.87
0.818944 1.88
0.807856 1.89
0.80664 1.9
0.809888 1.91
0.802512 1.92
0.7892 1.93
0.76616 1.94
0.769472 1.95
0.744576 1.96
0.654112 1.97
0.70344 1.98
0.676512 1.99
0.67256 2
0.700256 2.01
0.667232 2.02
0.64376 2.03
0.6336 2.04
0.588848 2.05
0.64248 2.06
0.609104 2.07
0.626224 2.08
0.57408 2.09
0.549408 2.1
0.592576 2.11
0.57064 2.12
0.552384 2.13
0.537168 2.14
0.498048 2.15
0.493424 2.16
0.459376 2.17
0.4404 2.18
0.402144 2.19
0.424032 2.2
0.349872 2.21
0.31664 2.22
0.299328 2.23
0.233824 2.24
0.14728 2.25
-0.027088 2.26
-0.062912 2.27
0.066688 2.28
0.017632 2.29
-0.035296 2.3
0.024768 2.31
-0.0564 2.32
-0.03536 2.33
0.016176 2.34
-0.024528 2.35
0.016608 2.36
0.00024 2.37
-0.035984 2.38
-0.013072 2.39
-0.009888 2.4
-0.017232 2.41
0.015136 2.42
0.000768 2.43
0.018096 2.44
-0.003328 2.45
0.023616 2.46
0.026272 2.47
-0.002016 2.48
-0.010336 2.49
-0.003856 2.5
0.007584 2.51
0.005808 2.52
0.007248 2.53
-0.029408 2.54
0.001648 2.55
-0.004256 2.56
0.011104 2.57
-0.000672 2.58
-0.002944 2.59
0.00776 2.6
0.003152 2.61
0.0016 2.62
0.002736 2.63
0.013712 2.64
-0.011776 2.65
-0.006176 2.66
-0.001952 2.67
-0.003616 2.68
-0.001472 2.69
0.005696 2.7
0.002272 2.71
0.018016 2.72
0.001904 2.73
0.001584 2.74
0.00192 2.75
-0.002704 2.76
-0.00488 2.77
-0.00368 2.78
-0.005024 2.79
-0.005856 2.8
-0.00808 2.81
-0.011376 2.82
0.002544 2.83
0.002864 2.84
-0.005552 2.85
-0.002912 2.86
0.001184 2.87
0.01248 2.88
0.0032 2.89
0.00848 2.9
-0.00992 2.91
0.003888 2.92
0.003552 2.93
0.006304 2.94
-0.003824 2.95
-0.004912 2.96
0.002368 2.97
0.001408 2.98
0.0036 2.99
0.007664 3
0.0116 3.01
0.000704 3.02
-0.005328 3.03
0.009696 3.04
0.012064 3.05
0.003552 3.06
0.002688 3.07
0.010576 3.08
0.000256 3.09
-0.003744 3.1
-0.000688 3.11
0.006848 3.12
-0.004832 3.13
0.007568 3.14
-0.01992 3.15
0.007552 3.16
-0.010048 3.17
0.002048 3.18
-0.00784 3.19
-0.00224 3.2
0.004352 3.21
-0.003632 3.22
-0.008416 3.23
0.003216 3.24
0.00912 3.25
-0.00144 3.26
0.01184 3.27
0.002544 3.28
0.000768 3.29
-0.007344 3.3
-0.004192 3.31
0.00088 3.32
-0.0028 3.33
0.00296 3.34
-0.007872 3.35
-0.004608 3.36
0.001904 3.37
-0.001584 3.38
0.000176 3.39
-0.002128 3.4
0.002896 3.41
-0.004736 3.42
-0.016336 3.43
-0.006336 3.44
-0.004704 3.45
-0.007728 3.46
0.004416 3.47
-0.001472 3.48
0.004864 3.49
0.004096 3.5
0.001824 3.51
0.008464 3.52
0.002384 3.53
0.001168 3.54
-0.001024 3.55
0.000928 3.56
-0.010336 3.57
0.0064 3.58
-0.001312 3.59
-0.002672 3.6
-0.005104 3.61
-0.003648 3.62
-0.01 3.63
-0.006896 3.64
-0.001168 3.65
0.00504 3.66
-0.002576 3.67
0.000592 3.68
-0.001456 3.69
-0.003872 3.7
0.001744 3.71
0.004592 3.72
0.004816 3.73
-0.010448 3.74
0.001808 3.75
-0.000176 3.76
0.004736 3.77
0.000384 3.78
-0.003552 3.79
0.003152 3.8
-0.000928 3.81
0.00952 3.82
-0.008496 3.83
0.0008 3.84
-0.005296 3.85
0.003968 3.86
-0.002896 3.87
0.003168 3.88
0.00056 3.89
0.003968 3.9
-0.00384 3.91
0.005904 3.92
0.00304 3.93
-0.00048 3.94
0.0036 3.95
0.00856 3.96
0.004304 3.97
-0.005088 3.98
0.008304 3.99
-0.001056 4
