1 0.01
1 0.02
1 0.03
1 0.04
1 0.05
1 0.06
1 0.07
1 0.08
1 0.09
1 0.1
1 0.11
1 0.12
1 0.13
1 0.14
1 0.15
1 0.16
1 0.17
1 0.18
1 0.19
1 0.2
1 0.21
1 0.22
1 0.23
1 0.24
1 0.25
1 0.26
1 0.27
1 0.28
1 0.29
1 0.3
1 0.31
1 0.32
1 0.33
1 0.34
1 0.35
1 0.36
1 0.37
1 0.38
1 0.39
1 0.4
1 0.41
1 0.42
1 0.43
1 0.44
1 0.45
1 0.46
0.999969 0.47
1 0.48
1 0.49
0.999969 0.5
0.999969 0.51
1 0.52
1 0.53
0.999906 0.54
0.999969 0.55
0.999938 0.56
1 0.57
0.999938 0.58
0.999969 0.59
0.999875 0.6
0.999969 0.61
0.999969 0.62
0.999875 0.63
0.99975 0.64
0.999656 0.65
0.999844 0.66
0.999781 0.67
0.999906 0.68
0.999625 0.69
0.999437 0.7
0.999531 0.71
0.99925 0.72
0.999437 0.73
0.999344 0.74
0.99925 0.75
0.99875 0.76
0.998812 0.77
0.999219 0.78
0.999094 0.79
0.999031 0.8
0.998437 0.81
0.99825 0.82
0.998531 0.83
0.998437 0.84
0.99825 0.85
0.998094 0.86
0.998188 0.87
0.997687 0.88
0.99775 0.89
0.997344 0.9
0.996719 0.91
0.997313 0.92
0.996969 0.93
0.995812 0.94
0.995781 0.95
0.995406 0.96
0.995437 0.97
0.994781 0.98
0.995563 0.99
0.994406 1
0.994031 1.01
0.994 1.02
0.993563 1.03
0.992812 1.04
0.992656 1.05
0.99075 1.06
0.992094 1.07
0.990688 1.08
0.99125 1.09
0.988563 1.1
0.989313 1.11
0.988625 1.12
0.988094 1.13
0.988844 1.14
0.987031 1.15
0.985875 1.16
0.986406 1.17
0.984719 1.18
0.984563 1.19
0.982656 1.2
0.982531 1.21
0.981844 1.22
0.981938 1.23
0.981406 1.24
0.98 1.25
0.979563 1.26
0.978313 1.27
0.976187 1.28
0.975844 1.29
0.975375 1.3
0.974875 1.31
0.972406 1.32
0.97175 1.33
0.971437 1.34
0.96825 1.35
0.96775 1.36
0.967437 1.37
0.963156 1.38
0.963437 1.39
0.961094 1.4
0.961313 1.41
0.961688 1.42
0.960531 1.43
0.956875 1.44
0.956656 1.45
0.950906 1.46
0.951969 1.47
0.94975 1.48
0.948094 1.49
0.944813 1.5
0.942312 1.51
0.94175 1.52
0.942937 1.53
0.935375 1.54
0.934281 1.55
0.935625 1.56
0.931688 1.57
0.93125 1.58
0.926156 1.59
0.92775 1.6
0.924188 1.61
0.918969 1.62
0.911656 1.63
0.916813 1.64
0.906969 1.65
0.906563 1.66
0.90575 1.67
0.9015 1.68
0.893531 1.69
0.8965 1.7
0.895375 1.71
0.891094 1.72
0.891437 1.73
0.886625 1.74
0.876594 1.75
0.871594 1.76
0.871125 1.77
0.860563 1.78
0.857969 1.79
0.867719 1.8
0.850469 1.81
0.852125 1.82
0.844063 1.83
0.840281 1.84
0.824812 1.85
0.82225 1.86
0.824094 1.87
0.811844 1.88
0.820781 1.89
0.810406 1.9
0.793875 1.91
0.776687 1.92
0.795625 1.93
0.744469 1.94
0.741031 1.95
0.749062 1.96
0.757125 1.97
0.747031 1.98
0.7065 1.99
0.709031 2
0.692844 2.01
0.662344 2.02
0.596125 2.03
0.549656 2.04
0.637281 2.05
0.608281 2.06
0.637938 2.07
0.603563 2.08
0.532531 2.09
0.556781 2.1
0.535156 2.11
0.56875 2.12
0.524281 2.13
0.499094 2.14
0.446219 2.15
0.510719 2.16
0.4395 2.17
0.474125 2.18
0.413531 2.19
0.367844 2.2
0.346281 2.21
0.376594 2.22
0.24375 2.23
0.199844 2.24
-0.099375 2.25
0.0375313 2.26
0.02 2.27
-0.062125 2.28
0.0739687 2.29
0.00446875 2.3
-0.0294375 2.31
0.0771875 2.32
-0.00703125 2.33
0.0483437 2.34
-0.0160625 2.35
0.007 2.36
0.00721875 2.37
3.125e-05 2.38
-0.0104688 2.39
0.00303125 2.4
-0.0129687 2.41
0.0177812 2.42
0.00515625 2.43
0.0369688 2.44
0.0167188 2.45
-0.00525 2.46
0.00103125 2.47
-0.008125 2.48
-0.004625 2.49
0.0105938 2.5
-0.0160938 2.51
-0.04225 2.52
0.0196563 2.53
0.0046875 2.54
-0.00740625 2.55
0.023 2.56
0.0236563 2.57
-0.00978125 2.58
0.0218125 2.59
-0.0121563 2.6
0.0058125 2.61
0.011625 2.62
0.003375 2.63
0.0168125 2.64
0.0018125 2.65
0.021875 2.66
-0.019 2.67
-0.0158125 2.68
-0.01675 2.69
0.00265625 2.7
0.001625 2.71
0.005625 2.72
-0.00246875 2.73
0.0169375 2.74
0.0005 2.75
0.005375 2.76
0.0163125 2.77
-0.0028125 2.78
-0.014125 2.79
-0.0105938 2.8
0.0109062 2.81
-0.00271875 2.82
0.00196875 2.83
-0.0185312 2.84
0.012125 2.85
0.0176562 2.86
0.00965625 2.87
0.0208438 2.88
0.0144375 2.89
0.014 2.9
-0.00953125 2.91
0.00325 2.92
-0.0095 2.93
0.00178125 2.94
-0.0249063 2.95
-0.0061875 2.96
-0.0010625 2.97
0.00346875 2.98
-0.00615625 2.99
-0.00334375 3
0.0055 3.01
0.00171875 3.02
3.125e-05 3.03
0.00878125 3.04
-0.00040625 3.05
0.0184062 3.06
0.005125 3.07
-0.0064375 3.08
-0.00496875 3.09
-0.00421875 3.1
-0.00225 3.11
0.00596875 3.12
0.00353125 3.13
0.016625 3.14
-0.00646875 3.15
0.00109375 3.16
-0.00484375 3.17
0.0014375 3.18
0.00278125 3.19
-0.002 3.2
0.00203125 3.21
-0.0009375 3.22
-0.010375 3.23
-0.02075 3.24
0.0145625 3.25
0.0163125 3.26
0.00709375 3.27
-0.004625 3.28
0.0034375 3.29
-0.00753125 3.3
0.0010625 3.31
0.00740625 3.32
-0.000875 3.33
-0.00503125 3.34
0.00209375 3.35
0.0066875 3.36
-0.0004375 3.37
-0.0141875 3.38
0.00553125 3.39
0.0031875 3.4
0.00215625 3.41
0.0105625 3.42
0.00209375 3.43
-0.006125 3.44
-0.00065625 3.45
0.005875 3.46
-0.00203125 3.47
0.007 3.48
-0.00328125 3.49
0.00459375 3.5
0.00928125 3.51
0.00428125 3.52
-0.00415625 3.53
0.00075 3.54
0.014625 3.55
-0.0033125 3.56
0.0136562 3.57
-0.00271875 3.58
0.00503125 3.59
0.005375 3.6
-0.0008125 3.61
-0.008375 3.62
-0.0109375 3.63
-0.007625 3.64
-0.0045625 3.65
-0.0109062 3.66
0.0006875 3.67
0.0169688 3.68
0.005625 3.69
-0.00484375 3.7
-0.0065 3.71
0.00396875 3.72
-0.006 3.73
-0.0105625 3.74
0.00275 3.75
-0.0199688 3.76
0.0015 3.77
0.00278125 3.78
-0.002 3.79
-0.0069375 3.8
-0.0093125 3.81
-0.00325 3.82
-0.007875 3.83
0.00025 3.84
-0.0153125 3.85
-0.0093125 3.86
-0.00378125 3.87
0.00653125 3.88
0.0143438 3.89
-0.00696875 3.9
-0.00971875 3.91
0.00715625 3.92
0.00021875 3.93
0.00903125 3.94
0.003375 3.95
-0.0150937 3.96
-0.00715625 3.97
-0.00453125 3.98
0.0003125 3.99
-0.007625 4
