1 0.01
1 0.02
1 0.03
1 0.04
1 0.05
1 0.06
1 0.07
1 0.08
1 0.09
1 0.1
1 0.11
1 0.12
1 0.13
1 0.14
1 0.15
1 0.16
1 0.17
1 0.18
1 0.19
1 0.2
1 0.21
1 0.22
1 0.23
1 0.24
1 0.25
1 0.26
1 0.27
1 0.28
1 0.29
1 0.3
1 0.31
1 0.32
1 0.33
1 0.34
1 0.35
1 0.36
1 0.37
1 0.38
1 0.39
1 0.4
1 0.41
1 0.42
1 0.43
1 0.44
0.999984 0.45
1 0.46
0.999984 0.47
1 0.48
0.999984 0.49
1 0.5
0.999984 0.51
1 0.52
0.999936 0.53
1 0.54
1 0.55
0.999968 0.56
0.999952 0.57
0.999952 0.58
0.99992 0.59
0.999904 0.6
0.999888 0.61
0.99992 0.62
0.999888 0.63
0.999808 0.64
0.999808 0.65
0.999776 0.66
0.99984 0.67
0.99976 0.68
0.99976 0.69
0.9996 0.7
0.999472 0.71
0.999488 0.72
0.999488 0.73
0.999376 0.74
0.999184 0.75
0.999488 0.76
0.999184 0.77
0.99912 0.78
0.99912 0.79
0.99856 0.8
0.998752 0.81
0.998464 0.82
0.998352 0.83
0.998384 0.84
0.998208 0.85
0.997728 0.86
0.997536 0.87
0.997664 0.88
0.997168 0.89
0.997536 0.9
0.997184 0.91
0.996816 0.92
0.996784 0.93
0.996112 0.94
0.99624 0.95
0.995584 0.96
0.99576 0.97
0.995552 0.98
0.994608 0.99
0.994768 1
0.994288 1.01
0.994352 1.02
0.994048 1.03
0.992288 1.04
0.992288 1.05
0.99168 1.06
0.991008 1.07
0.990768 1.08
0.990912 1.09
0.98968 1.1
0.988368 1.11
0.988976 1.12
0.9896 1.13
0.987872 1.14
0.987424 1.15
0.987328 1.16
0.98544 1.17
0.98488 1.18
0.9848 1.19
0.984304 1.2
0.982768 1.21
0.98184 1.22
0.980656 1.23
0.980624 1.24
0.97968 1.25
0.978784 1.26
0.978 1.27
0.977456 1.28
0.975312 1.29
0.973408 1.3
0.973088 1.31
0.972016 1.32
0.971248 1.33
0.971344 1.34
0.969712 1.35
0.967792 1.36
0.965856 1.37
0.96488 1.38
0.96328 1.39
0.961616 1.4
0.960976 1.41
0.95968 1.42
0.957136 1.43
0.957216 1.44
0.953856 1.45
0.95216 1.46
0.951472 1.47
0.950496 1.48
0.948192 1.49
0.94528 1.5
0.942848 1.51
0.943152 1.52
0.941072 1.53
0.937728 1.54
0.93744 1.55
0.936816 1.56
0.93176 1.57
0.93024 1.58
0.929136 1.59
0.926656 1.6
0.922416 1.61
0.922448 1.62
0.917568 1.63
0.912192 1.64
0.909344 1.65
0.910064 1.66
0.90584 1.67
0.906352 1.68
0.90032 1.69
0.896176 1.7
0.895872 1.71
0.893456 1.72
0.889024 1.73
0.883696 1.74
0.88336 1.75
0.877776 1.76
0.874816 1.77
0.871584 1.78
0.868528 1.79
0.865312 1.8
0.859344 1.81
0.855392 1.82
0.84968 1.83
0.84656 1.84
0.837936 1.85
0.83344 1.86
0.819344 1.87
0.818912 1.88
0.817424 1.89
0.81208 1.9
0.805264 1.91
0.80048 1.92
0.792368 1.93
0.790928 1.94
0.784016 1.95
0.780112 1.96
0.774384 1.97
0.772944 1.98
0.765024 1.99
0.75336 2
0.742688 2.01
0.737648 2.02
0.729152 2.03
0.71576 2.04
0.706944 2.05
0.694048 2.06
0.688416 2.07
0.683616 2.08
0.67064 2.09
0.654736 2.1
0.65648 2.11
0.64544 2.12
0.634448 2.13
0.621312 2.14
0.600144 2.15
0.5804 2.16
0.57296 2.17
0.544352 2.18
0.523264 2.19
0.504304 2.2
0.483584 2.21
0.46712 2.22
0.459952 2.23
0.437904 2.24
0.423936 2.25
0.404736 2.26
0.386896 2.27
0.36288 2.28
0.337472 2.29
0.320912 2.3
0.306784 2.31
0.269456 2.32
0.2488 2.33
0.235056 2.34
0.2196 2.35
0.201792 2.36
0.190608 2.37
0.167248 2.38
0.134288 2.39
0.120256 2.4
0.105328 2.41
0.087792 2.42
0.072624 2.43
0.064992 2.44
0.057952 2.45
0.054624 2.46
0.022768 2.47
0.011632 2.48
0.009984 2.49
-0.004272 2.5
0.002672 2.51
-0.002496 2.52
-0.003968 2.53
0.001792 2.54
0.001824 2.55
-0.00216 2.56
0.008032 2.57
-0.00368 2.58
0.009984 2.59
0.009296 2.6
0.000976 2.61
0.00136 2.62
-0.007872 2.63
-0.005984 2.64
0.001824 2.65
0.011648 2.66
0.009392 2.67
0.008688 2.68
-0.006656 2.69
-0.003536 2.7
-0.002256 2.71
0.00352 2.72
-0.000432 2.73
-0.002272 2.74
0.005248 2.75
0.006352 2.76
0.00928 2.77
-0.002496 2.78
-0.002256 2.79
0.00944 2.8
0.003536 2.81
0.000752 2.82
0.005072 2.83
-0.004416 2.84
0.009184 2.85
0.008192 2.86
0.00952 2.87
0.007568 2.88
-0.004192 2.89
0.002192 2.9
-0.005456 2.91
-0.00432 2.92
-0.004752 2.93
0.011312 2.94
0.002288 2.95
0.001936 2.96
-0.000848 2.97
-0.01216 2.98
0.005984 2.99
0.012064 3
0.005184 3.01
0.002848 3.02
0.00632 3.03
0.006352 3.04
-0.004928 3.05
0.009648 3.06
-0.0016 3.07
0.005504 3.08
0.009296 3.09
0.008336 3.1
0.00472 3.11
-0.006368 3.12
-0.005264 3.13
-0.000864 3.14
-0.004816 3.15
0.007264 3.16
-0.008624 3.17
0.005296 3.18
0.002176 3.19
-0.00248 3.2
-0.002368 3.21
0.0016 3.22
-0.005792 3.23
-0.004688 3.24
-0.00904 3.25
0.00072 3.26
-0.00024 3.27
-0.000992 3.28
0.006016 3.29
-0.005376 3.3
0.001216 3.31
0.002096 3.32
0.008976 3.33
0.008592 3.34
-0.002544 3.35
0.008224 3.36
0.004144 3.37
0.000448 3.38
-0.00176 3.39
-0.006544 3.4
-0.004576 3.41
0.00952 3.42
0.005312 3.43
-0.008816 3.44
-0.005568 3.45
-0.001472 3.46
-0.00616 3.47
-0.004208 3.48
-0.000272 3.49
-0.001184 3.5
0.007072 3.51
-0.000304 3.52
0.000224 3.53
0.004512 3.54
0.003968 3.55
-0.004256 3.56
0.009472 3.57
-0.006992 3.58
0 3.59
-0.004384 3.6
0.009952 3.61
-0.003728 3.62
0.006608 3.63
-0.004432 3.64
-0.000624 3.65
0.01128 3.66
-0.001424 3.67
0.005952 3.68
-0.00528 3.69
0.000304 3.7
0.006912 3.71
0.013328 3.72
0.003328 3.73
0.007712 3.74
0.001488 3.75
0.001808 3.76
-0.000272 3.77
-0.002608 3.78
-0.006608 3.79
-0.000128 3.8
-0.006016 3.81
-0.0004 3.82
-0.00128 3.83
-0.004272 3.84
0.00584 3.85
0.005888 3.86
0.005888 3.87
-0.00128 3.88
-0.005952 3.89
-0.005504 3.9
0.002784 3.91
-0.01208 3.92
0.003664 3.93
-0.002848 3.94
0.001088 3.95
-0.001328 3.96
0.004544 3.97
0.00208 3.98
-0.011344 3.99
-0.000272 4
