1 0.01
1 0.02
1 0.03
1 0.04
1 0.05
1 0.06
1 0.07
1 0.08
1 0.09
1 0.1
1 0.11
1 0.12
1 0.13
1 0.14
1 0.15
1 0.16
1 0.17
1 0.18
1 0.19
1 0.2
1 0.21
1 0.22
1 0.23
1 0.24
1 0.25
1 0.26
1 0.27
1 0.28
1 0.29
1 0.3
1 0.31
1 0.32
1 0.33
1 0.34
1 0.35
1 0.36
1 0.37
1 0.38
1 0.39
1 0.4
1 0.41
1 0.42
1 0.43
1 0.44
1 0.45
1 0.46
1 0.47
1 0.48
1 0.49
1 0.5
1 0.51
1 0.52
1 0.53
1 0.54
1 0.55
1 0.56
1 0.57
1 0.58
1 0.59
0.998 0.6
1 0.61
1 0.62
1 0.63
1 0.64
1 0.65
1 0.66
1 0.67
1 0.68
0.998 0.69
1 0.7
1 0.71
1 0.72
0.998 0.73
1 0.74
1 0.75
0.998 0.76
1 0.77
1 0.78
1 0.79
0.994 0.8
0.998 0.81
1 0.82
0.998 0.83
1 0.84
0.998 0.85
0.996 0.86
0.998 0.87
0.996 0.88
0.996 0.89
0.998 0.9
0.996 0.91
0.998 0.92
0.996 0.93
0.994 0.94
0.992 0.95
0.992 0.96
0.994 0.97
0.99 0.98
0.996 0.99
1 1
0.996 1.01
0.986 1.02
0.994 1.03
0.996 1.04
0.994 1.05
0.99 1.06
0.996 1.07
0.992 1.08
0.994 1.09
0.988 1.1
0.992 1.11
0.992 1.12
0.994 1.13
0.992 1.14
0.988 1.15
0.988 1.16
0.964 1.17
0.98 1.18
0.968 1.19
0.982 1.2
0.974 1.21
0.992 1.22
0.984 1.23
0.98 1.24
0.978 1.25
0.992 1.26
0.98 1.27
0.966 1.28
0.95 1.29
0.982 1.3
0.98 1.31
0.986 1.32
0.976 1.33
0.976 1.34
0.972 1.35
0.966 1.36
0.968 1.37
0.97 1.38
0.964 1.39
0.966 1.4
0.974 1.41
0.96 1.42
0.956 1.43
0.956 1.44
0.962 1.45
0.96 1.46
0.93 1.47
0.954 1.48
0.952 1.49
0.936 1.5
0.934 1.51
0.93 1.52
0.936 1.53
0.942 1.54
0.958 1.55
0.948 1.56
0.93 1.57
0.934 1.58
0.932 1.59
0.928 1.6
0.924 1.61
0.926 1.62
0.912 1.63
0.914 1.64
0.896 1.65
0.854 1.66
0.934 1.67
0.906 1.68
0.896 1.69
0.874 1.7
0.892 1.71
0.912 1.72
0.89 1.73
0.916 1.74
0.894 1.75
0.9 1.76
0.9 1.77
0.914 1.78
0.884 1.79
0.84 1.8
0.842 1.81
0.878 1.82
0.828 1.83
0.862 1.84
0.838 1.85
0.858 1.86
0.824 1.87
0.826 1.88
0.784 1.89
0.796 1.9
0.824 1.91
0.816 1.92
0.784 1.93
0.796 1.94
0.744 1.95
0.716 1.96
0.718 1.97
0.708 1.98
0.738 1.99
0.662 2
0.736 2.01
0.76 2.02
0.806 2.03
0.752 2.04
0.73 2.05
0.668 2.06
0.76 2.07
0.674 2.08
0.74 2.09
0.69 2.1
0.688 2.11
0.63 2.12
0.624 2.13
0.582 2.14
0.564 2.15
0.472 2.16
0.476 2.17
0.406 2.18
0.184 2.19
0.036 2.2
-0.074 2.21
-0.18 2.22
-0.178 2.23
-0.176 2.24
-0.108 2.25
0.018 2.26
-0.018 2.27
-0.098 2.28
-0.22 2.29
-0.258 2.3
-0.328 2.31
-0.226 2.32
-0.162 2.33
-0.006 2.34
0.056 2.35
0.01 2.36
-0.108 2.37
-0.186 2.38
-0.116 2.39
-0.064 2.4
-0.002 2.41
-0.154 2.42
-0.102 2.43
-0.112 2.44
-0.024 2.45
-0.116 2.46
0.038 2.47
0.052 2.48
-0.052 2.49
-0.114 2.5
0.018 2.51
0.078 2.52
-0.004 2.53
0.028 2.54
-0.012 2.55
0.03 2.56
0.058 2.57
0.068 2.58
0.154 2.59
0.168 2.6
0.22 2.61
0.088 2.62
-0.042 2.63
-0.076 2.64
-0.172 2.65
-0.122 2.66
-0.086 2.67
-0.162 2.68
-0.122 2.69
-0.134 2.7
0.062 2.71
0.164 2.72
0.002 2.73
0.06 2.74
-0.162 2.75
-0.198 2.76
-0.032 2.77
0.104 2.78
0.116 2.79
0.108 2.8
0.03 2.81
-0.016 2.82
-0.076 2.83
-0.062 2.84
-0.012 2.85
0.002 2.86
-0.044 2.87
0 2.88
0.006 2.89
0.062 2.9
0.096 2.91
0.134 2.92
0.002 2.93
-0.07 2.94
-0.088 2.95
-0.052 2.96
0.022 2.97
0.098 2.98
0.042 2.99
0.016 3
0.11 3.01
0.2 3.02
0.036 3.03
0.012 3.04
0.158 3.05
0.036 3.06
-0.016 3.07
0.09 3.08
0.016 3.09
-0.122 3.1
-0.102 3.11
0.006 3.12
0.03 3.13
0.004 3.14
-0.05 3.15
-0.018 3.16
0.046 3.17
0.12 3.18
0.018 3.19
0.038 3.2
-0.034 3.21
0.058 3.22
0.11 3.23
0.002 3.24
0.026 3.25
-0.078 3.26
-0.064 3.27
-0.084 3.28
-0.062 3.29
0.024 3.3
0.056 3.31
0.066 3.32
0.1 3.33
-0.06 3.34
-0.044 3.35
0.024 3.36
0 3.37
-0.018 3.38
-0.046 3.39
0.058 3.4
-0.024 3.41
-0.012 3.42
0.074 3.43
-0.046 3.44
-0.01 3.45
0.13 3.46
0.002 3.47
0.008 3.48
0.01 3.49
0.03 3.5
0.002 3.51
0.08 3.52
0.066 3.53
0.046 3.54
-0.034 3.55
-0.06 3.56
-0.05 3.57
0.04 3.58
0.028 3.59
0.034 3.6
-0.114 3.61
-0.114 3.62
0.074 3.63
-0.134 3.64
-0.102 3.65
0.182 3.66
0.05 3.67
-0.028 3.68
0.042 3.69
0.022 3.7
0.062 3.71
0.048 3.72
-0.018 3.73
0.02 3.74
-0.076 3.75
0.006 3.76
0.008 3.77
-0.042 3.78
-0.074 3.79
0.058 3.8
-0.156 3.81
0.04 3.82
0.018 3.83
0.018 3.84
0.066 3.85
0.048 3.86
0.022 3.87
-0.026 3.88
-0.03 3.89
0.008 3.9
-0.038 3.91
0.038 3.92
-0.01 3.93
-0.048 3.94
-0.006 3.95
0.026 3.96
-0.024 3.97
-0.026 3.98
-0.058 3.99
-0.014 4
