0 1.91856e-138
0.01 7.55036e-135
0.02 2.65892e-131
0.03 8.37894e-128
0.04 2.36275e-124
0.05 5.96199e-121
0.06 1.3462e-117
0.07 2.72003e-114
0.08 4.91792e-111
0.09 7.95674e-108
0.1 1.15195e-104
0.11 1.49237e-101
0.12 1.73008e-98
0.13 1.79474e-95
0.14 1.66602e-92
0.15 1.3839e-89
0.16 1.02866e-86
0.17 6.84206e-84
0.18 4.07236e-81
0.19 2.16895e-78
0.2 1.03371e-75
0.21 4.40853e-73
0.22 1.68242e-70
0.23 5.74537e-68
0.24 1.75569e-65
0.25 4.80089e-63
0.26 1.17474e-60
0.27 2.57221e-58
0.28 5.03983e-56
0.29 8.83631e-54
0.3 1.38634e-51
0.31 1.94633e-49
0.32 2.44515e-47
0.33 2.74879e-45
0.34 2.76516e-43
0.35 2.48912e-41
0.36 2.00501e-39
0.37 1.44521e-37
0.38 9.32163e-36
0.39 5.38019e-34
0.4 2.77874e-32
0.41 1.28423e-30
0.42 5.31109e-29
0.43 1.96548e-27
0.44 6.50879e-26
0.45 1.92875e-24
0.46 5.11442e-23
0.47 1.21356e-21
0.48 2.57676e-20
0.49 4.89587e-19
0.5 8.32397e-18
0.51 1.26642e-16
0.52 1.72412e-15
0.53 2.10041e-14
0.54 2.28973e-13
0.55 2.23363e-12
0.56 1.94977e-11
0.57 1.523e-10
0.58 1.06454e-09
0.59 6.65836e-09
0.6 3.72665e-08
0.61 1.86645e-07
0.62 8.36483e-07
0.63 3.35463e-06
0.64 1.20386e-05
0.65 3.86592e-05
0.66 0.00011109
0.67 0.000285655
0.68 0.000657285
0.69 0.00135335
0.7 0.00249352
0.71 0.00411112
0.72 0.00606531
0.73 0.00800737
0.74 0.00945959
0.75 0.01
0.76 0.00945959
0.77 0.00800737
0.78 0.00606531
0.79 0.00411112
0.8 0.00249352
0.81 0.00135335
0.82 0.000657285
0.83 0.000285655
0.84 0.00011109
0.85 3.86592e-05
0.86 1.20386e-05
0.87 3.35463e-06
0.88 8.36483e-07
0.89 1.86645e-07
0.9 3.72665e-08
0.91 6.65836e-09
0.92 1.06454e-09
0.93 1.523e-10
0.94 1.94977e-11
0.95 2.23363e-12
0.96 2.28973e-13
0.97 2.10041e-14
0.98 1.72412e-15
0.99 1.26642e-16
1 0
